1	0.1288
10	1.248
100	3.0E-4
1000	0.0109
1001	0.0109
1002	0.0104
1003	0.007
1004	0.0081
1005	0.007
1006	0.0097
1007	0.0097
1008	0.0104
1009	0.0094
101	3.0E-4
1010	0.0087
1011	0.0087
1012	0.0091
1013	0.009
1014	0.009
1015	0.0108
1016	0.0107
1017	0.0107
1018	0.0094
1019	0.0096
102	0.0115
1020	0.8687
1021	1.6898
1022	0.0071
1023	4.0E-4
1024	0.001
1025	0.0902
1026	0.0902
1027	0.0228
1028	0.0058
1029	0.0081
103	3.0E-4
1030	0.0104
1031	0.0014
1032	4.0E-4
1033	0.0104
1034	0.586
1035	0.0069
1036	0.0069
1037	0.0069
1038	0.011
1039	1.0689
104	3.0E-4
1040	1.0689
1041	1.0689
1042	1.0689
1043	1.0689
1044	1.0689
1045	1.0689
1046	1.0689
1047	1.0689
1048	1.0689
1049	1.0689
105	3.0E-4
1050	1.0689
1051	1.0689
1052	1.0689
1053	1.0689
1054	1.0689
1055	1.0689
1056	1.0689
1057	1.0689
1058	1.0689
1059	1.0689
106	2.581
1060	1.0689
1061	1.0689
1062	1.0689
1063	1.0689
1064	1.0689
1065	1.0689
1066	8.0E-4
1067	8.0E-4
1068	8.0E-4
1069	8.0E-4
107	0.8682
1070	8.0E-4
1071	8.0E-4
1072	8.0E-4
1073	8.0E-4
1074	8.0E-4
1075	8.0E-4
1076	8.0E-4
1077	8.0E-4
1078	8.0E-4
1079	8.0E-4
108	0.4883
1080	8.0E-4
1081	8.0E-4
1082	8.0E-4
1083	8.0E-4
1084	8.0E-4
1085	8.0E-4
1086	8.0E-4
1087	8.0E-4
1088	8.0E-4
1089	8.0E-4
109	0.4449
1090	8.0E-4
1091	8.0E-4
1092	8.0E-4
1093	8.0E-4
1094	8.0E-4
1095	8.0E-4
1096	8.0E-4
1097	0.001
1098	0.0012
1099	0.0012
11	0.0058
110	0.4449
1100	0.0645
1101	0.0747
1102	0.0703
1103	0.0703
1104	0.0703
1105	0.0703
1106	0.0703
1107	0.0703
1108	0.0703
1109	0.0703
111	1.6827
1110	0.0703
1111	0.0703
1112	0.0703
1113	0.0703
1114	0.0703
1115	0.0703
1116	0.0703
1117	0.0703
1118	0.0703
1119	0.0703
112	1.7507
1120	0.0703
1121	0.0703
1122	0.0703
1123	0.0703
1124	0.0703
1125	0.0703
1126	0.0703
1127	0.0703
1128	0.0703
1129	0.0703
113	0.7549
1130	0.0703
1131	0.0703
1132	0.0703
1133	0.0703
1134	0.0703
1135	0.0703
1136	0.0703
1137	0.0703
1138	0.0703
1139	0.0703
114	0.4508
1140	0.0703
1141	0.0703
1142	0.0703
1143	0.0703
1144	0.0703
1145	0.0703
1146	0.0703
1147	0.0703
1148	0.0703
1149	0.0703
115	0.8182
1150	0.0703
1151	0.0703
1152	0.0703
1153	0.0703
1154	0.0703
1155	0.0703
1156	0.0703
1157	0.0703
1158	0.0703
1159	1.0E-4
116	1.3874
1160	1.0E-4
1161	5.0E-4
1162	1.0E-4
1163	1.0E-4
1164	1.0E-4
1165	1.0E-4
1166	1.0E-4
1167	1.0E-4
1168	1.0E-4
1169	1.0E-4
117	0.5761
1170	1.0E-4
1171	1.0E-4
1172	1.0E-4
1173	1.0E-4
1174	1.0E-4
1175	1.0E-4
1176	1.0E-4
1177	0.0017
1178	0.0086
1179	1.0E-4
118	1.4153
1180	1.0E-4
1181	1.0E-4
1182	1.0E-4
1183	1.0E-4
1184	1.0E-4
1185	1.0E-4
1186	1.0E-4
1187	0.0013
1188	0.0013
1189	0.0013
119	3.441
1190	0.0013
1191	0.0024
1192	0.0024
1193	0.0034
1194	0.004
1195	0.0034
1196	0.0016
1197	0.0016
1198	9.0E-4
1199	0.1729
12	0.011
120	1.5073
1200	9.0E-4
1201	9.0E-4
1202	0.001
1203	9.0E-4
1204	9.0E-4
1205	9.0E-4
1206	9.0E-4
1207	6.0E-4
1208	6.0E-4
1209	6.0E-4
121	1.3776
1210	5.0E-4
1211	5.0E-4
1212	5.0E-4
1213	0.0092
1214	9.0E-4
1215	0.2658
1216	0.4072
1217	0.2658
1218	0.2658
1219	0.0014
122	1.5073
1220	0.0014
1221	1.0E-4
1222	1.0E-4
1223	1.0E-4
1224	1.0E-4
1225	0.0011
1226	0.0011
1227	0.0056
1228	0.0056
1229	0.0056
123	2.2738
1230	0.0056
1231	0.0056
1232	0.0056
1233	0.0056
1234	1.0E-4
1235	1.0E-4
1236	1.0E-4
1237	1.0E-4
1238	1.0E-4
1239	1.0E-4
124	1.973
1240	1.0E-4
1241	1.0E-4
1242	1.0E-4
1243	1.0E-4
1244	1.0E-4
1245	1.0E-4
1246	1.0E-4
1247	1.0E-4
1248	1.0E-4
1249	1.0E-4
125	1.9841
1250	1.0E-4
1251	1.0E-4
1252	1.0E-4
1253	1.0E-4
1254	1.0E-4
1255	1.0E-4
1256	1.0E-4
1257	1.0E-4
1258	1.0E-4
1259	1.0E-4
126	1.9939
1260	1.0E-4
1261	1.0E-4
1262	1.0E-4
1263	1.0E-4
1264	1.0E-4
1265	1.0E-4
1266	1.0E-4
1267	1.0E-4
1268	1.0E-4
1269	0.0072
127	0.6191
1270	0.0072
1271	0.0072
1272	0.0072
1273	0.0072
1274	0.0072
1275	0.0072
1276	0.0072
1277	0.0072
1278	0.0072
1279	0.0062
128	0.6191
1280	0.0062
1281	0.0062
1282	0.0062
1283	0.0062
1284	1.0E-4
1285	1.0E-4
1286	1.0E-4
1287	1.0E-4
1288	0.0169
1289	0.0169
129	0.5831
1290	0.0169
1291	0.0256
1292	0.0109
1293	0.0707
1294	0.0707
1295	0.0032
1296	0.0032
1297	1.0E-4
1298	1.0E-4
1299	1.0E-4
13	0.0059
130	0.552
1300	4.0E-4
1301	1.0E-4
1302	1.0E-4
1303	1.0E-4
1304	1.0E-4
1305	3.0E-4
1306	3.0E-4
1307	3.0E-4
1308	1.0E-4
1309	0.0019
131	0.46
1310	1.0E-4
1311	0.0011
1312	5.0E-4
1313	4.0E-4
1314	4.0E-4
1315	4.0E-4
1316	4.0E-4
1317	4.0E-4
1318	4.0E-4
1319	4.0E-4
132	5.8039
1320	4.0E-4
1321	4.0E-4
1322	4.0E-4
1323	4.0E-4
1324	4.0E-4
1325	4.0E-4
1326	4.0E-4
1327	4.0E-4
1328	4.0E-4
1329	4.0E-4
133	0.1942
1330	4.0E-4
1331	4.0E-4
1332	4.0E-4
1333	4.0E-4
1334	4.0E-4
1335	4.0E-4
1336	4.0E-4
1337	4.0E-4
1338	4.0E-4
1339	4.0E-4
134	0.1778
1340	6.0E-4
1341	5.0E-4
1342	0.0051
1343	0.0051
1344	6.0E-4
1345	0.0103
1346	0.002
1347	0.002
1348	0.002
1349	0.002
135	0.2115
1350	0.002
1351	0.002
1352	0.002
1353	0.002
1354	0.002
1355	0.002
1356	0.002
1357	0.002
1358	0.002
1359	0.002
136	0.2254
1360	0.002
1361	0.002
1362	4.0E-4
1363	0.0271
1364	0.0271
1365	0.0019
1366	0.0018
1367	0.0019
1368	0.0019
1369	0.0019
137	0.2415
1370	0.8915
1371	0.0815
1372	0.0275
1373	0.0363
1374	0.0642
1375	0.0249
1376	0.0156
1377	0.0156
1378	0.0061
1379	1.1654
138	0.3072
1380	0.0056
1381	0.0056
1382	0.0033
1383	0.0033
1384	0.0033
1385	0.0033
1386	0.0033
1387	0.0033
1388	0.0033
1389	0.0033
139	0.0636
1390	1.0E-4
1391	3.0E-4
1392	1.0E-4
1393	1.0E-4
1394	1.0E-4
1395	1.0E-4
1396	3.0E-4
1397	3.0E-4
1398	6.0E-4
1399	3.0E-4
14	0.6171
140	0.061
1400	3.0E-4
1401	3.0E-4
1402	1.0E-4
1403	1.0E-4
1404	1.0E-4
1405	1.0E-4
1406	1.0E-4
1407	1.0E-4
1408	0.0237
1409	0.0452
141	0.0556
1410	0.0452
1411	0.0452
1412	0.0452
1413	0.0452
1414	0.0452
1415	0.0452
1416	0.0542
1417	0.0698
1418	0.0452
1419	0.069
142	0.2691
1420	0.069
1421	0.0452
1422	3.0E-4
1423	3.0E-4
1424	4.0E-4
1425	6.0E-4
1426	5.0E-4
1427	6.0E-4
1428	4.0E-4
1429	4.0E-4
143	0.3631
1430	4.0E-4
1431	3.0E-4
1432	3.0E-4
1433	0.0172
1434	0.0172
1435	0.0172
1436	0.0172
1437	0.0172
1438	4.0E-4
1439	4.0E-4
144	0.0839
1440	0.0019
1441	0.0023
1442	0.0085
1443	0.5563
1444	0.0018
1445	5.0E-4
1446	4.0E-4
1447	4.0E-4
1448	4.0E-4
1449	4.0E-4
145	0.6747
1450	4.0E-4
1451	4.0E-4
1452	4.0E-4
1453	4.0E-4
1454	4.0E-4
1455	4.0E-4
1456	4.0E-4
1457	0.0016
1458	7.0E-4
1459	0.0013
146	0.0556
1460	0.0014
1461	0.0133
1462	0.0133
1463	0.0133
1464	0.0133
1465	0.0133
1466	0.0133
1467	2.5521
1468	7.0E-4
1469	0.0082
147	0.0556
1470	0.0082
1471	0.0082
1472	0.0088
1473	0.0017
1474	0.0017
1475	0.0017
1476	0.0017
1477	0.0017
1478	0.0017
1479	0.0017
148	0.2525
1480	0.0017
1481	0.0017
1482	0.0017
1483	4.0E-4
1484	4.0E-4
1485	4.0E-4
1486	4.0E-4
1487	0.0097
1488	0.0071
1489	0.0097
149	0.074
1490	0.0071
1491	0.0056
1492	0.0056
1493	0.0057
1494	0.0073
1495	0.0014
1496	0.0014
1497	0.0014
1498	0.0014
1499	0.0057
15	0.0062
150	0.0739
1500	0.0014
1501	0.0014
1502	0.0058
1503	0.0058
1504	0.0014
1505	0.0057
1506	0.004
1507	0.0431
1508	0.0043
1509	6.0E-4
151	0.1174
1510	6.0E-4
1511	6.0E-4
1512	6.0E-4
1513	6.0E-4
1514	6.0E-4
1515	6.0E-4
1516	6.0E-4
1517	4.0E-4
1518	0.0012
1519	0.0016
152	0.0498
1520	4.0E-4
1521	4.0E-4
1522	4.0E-4
1523	4.0E-4
1524	4.0E-4
1525	4.0E-4
1526	4.0E-4
1527	8.0E-4
1528	8.0E-4
1529	7.0E-4
153	0.1195
1530	6.0E-4
1531	5.0E-4
1532	4.0E-4
1533	0.0412
1534	1.0E-4
1535	2.0E-4
1536	2.0E-4
1537	4.0E-4
1538	0.5877
1539	0.9357
154	0.001
1540	1.2848
1541	1.2731
1542	0.5877
1543	0.0044
1544	1.0E-4
1545	1.0E-4
1546	1.0E-4
1547	1.0E-4
1548	1.0E-4
1549	1.0E-4
155	0.3316
1550	1.0E-4
1551	2.0E-4
1552	4.0E-4
1553	4.0E-4
1554	4.0E-4
1555	4.0E-4
1556	4.0E-4
1557	4.0E-4
1558	4.0E-4
1559	4.0E-4
156	0.1383
1560	4.0E-4
1561	3.0E-4
1562	3.0E-4
1563	3.0E-4
1564	5.0E-4
1565	1.0E-4
1566	1.0E-4
1567	1.0E-4
1568	1.0E-4
1569	1.0E-4
157	0.3413
1570	1.0E-4
1571	1.0E-4
1572	1.0E-4
1573	1.0E-4
1574	1.0E-4
1575	1.0E-4
1576	1.0E-4
1577	1.0E-4
1578	1.0E-4
1579	1.0E-4
158	0.3993
1580	1.0E-4
1581	1.0E-4
1582	1.0E-4
1583	1.0E-4
1584	1.0E-4
1585	1.0E-4
1586	1.0E-4
1587	1.0E-4
1588	1.0E-4
1589	0.0013
159	0.3413
1590	0.0011
1591	0.0011
1592	1.0E-4
1593	1.0E-4
1594	1.0E-4
1595	1.0E-4
1596	1.0E-4
1597	1.0E-4
1598	1.0E-4
1599	1.0E-4
16	2.4039
160	0.3662
1600	1.0E-4
1601	1.0E-4
1602	0.0149
1603	0.0149
1604	0.0149
1605	0.0149
1606	0.0149
1607	3.0E-4
1608	0.1134
1609	0.1134
161	0.3516
1610	0.1134
1611	0.1134
1612	0.1134
1613	0.1134
1614	0.0057
1615	0.0057
1616	0.0057
1617	0.0057
1618	0.0057
1619	1.0E-4
162	0.3413
1620	0.1311
1621	0.0992
1622	0.0992
1623	0.0992
1624	0.0992
1625	0.0992
1626	2.0E-4
1627	2.0E-4
1628	2.0E-4
1629	2.0E-4
163	0.3316
1630	2.0E-4
1631	2.0E-4
1632	2.0E-4
1633	2.0E-4
1634	4.0E-4
1635	2.0E-4
1636	2.0E-4
1637	2.0E-4
1638	2.0E-4
1639	2.0E-4
164	0.2003
1640	2.0E-4
1641	2.0E-4
1642	2.0E-4
1643	2.0E-4
1644	2.0E-4
1645	3.0E-4
1646	2.0E-4
1647	2.0E-4
1648	2.0E-4
1649	2.0E-4
165	0.3316
1650	2.0E-4
1651	2.0E-4
1652	2.0E-4
1653	2.0E-4
1654	2.0E-4
1655	2.0E-4
1656	2.0E-4
1657	2.0E-4
1658	2.0E-4
1659	2.0E-4
166	0.3505
1660	2.0E-4
1661	2.0E-4
1662	2.0E-4
1663	2.0E-4
1664	2.0E-4
1665	0.3313
1666	0.5074
1667	0.3313
1668	0.3313
1669	0.0205
167	0.3316
1670	0.0205
1671	0.0241
1672	0.0205
1673	0.0205
1674	0.0205
1675	0.0205
1676	0.0205
1677	0.0205
1678	2.8503
1679	0.018
168	0.2986
1680	7.0E-4
1681	5.0E-4
1682	5.0E-4
1683	0.0031
1684	5.0E-4
1685	5.0E-4
1686	5.0E-4
1687	3.0E-4
1688	0.0023
1689	3.0E-4
169	0.2986
1690	3.0E-4
1691	3.0E-4
1692	3.0E-4
1693	3.0E-4
1694	3.0E-4
1695	3.0E-4
1696	3.0E-4
1697	3.0E-4
1698	3.0E-4
1699	3.0E-4
17	0.0062
170	0.2986
1700	3.0E-4
1701	3.0E-4
1702	3.0E-4
1703	3.0E-4
1704	3.0E-4
1705	3.0E-4
1706	4.0E-4
1707	3.0E-4
1708	3.0E-4
1709	3.0E-4
171	0.2996
1710	3.0E-4
1711	3.0E-4
1712	3.0E-4
1713	3.0E-4
1714	3.0E-4
1715	3.0E-4
1716	3.0E-4
1717	3.0E-4
1718	3.0E-4
1719	3.0E-4
172	0.2986
1720	3.0E-4
1721	3.0E-4
1722	3.0E-4
1723	2.0E-4
1724	2.0E-4
1725	2.0E-4
1726	2.0E-4
1727	2.0E-4
1728	2.0E-4
1729	2.0E-4
173	0.2925
1730	2.0E-4
1731	2.0E-4
1732	2.0E-4
1733	2.0E-4
1734	2.0E-4
1735	2.0E-4
1736	2.0E-4
1737	3.0E-4
1738	3.0E-4
1739	3.0E-4
174	0.2159
1740	3.0E-4
1741	2.0E-4
1742	2.0E-4
1743	2.0E-4
1744	2.0E-4
1745	2.0E-4
1746	2.0E-4
1747	2.0E-4
1748	2.0E-4
1749	2.0E-4
175	0.3314
1750	3.0E-4
1751	3.0E-4
1752	3.0E-4
1753	3.0E-4
1754	3.0E-4
1755	3.0E-4
1756	3.0E-4
1757	3.0E-4
1758	3.0E-4
1759	3.0E-4
176	0.3672
1760	0.0015
1761	0.002
1762	0.002
1763	0.002
1764	0.0092
1765	0.0092
1766	2.0E-4
1767	2.0E-4
1768	2.0E-4
1769	2.0E-4
177	0.221
1770	2.0E-4
1771	2.0E-4
1772	2.0E-4
1773	2.0E-4
1774	2.0E-4
1775	2.0E-4
1776	2.0E-4
1777	2.0E-4
1778	2.0E-4
1779	2.0E-4
178	0.067
1780	2.0E-4
1781	2.0E-4
1782	2.0E-4
1783	2.0E-4
1784	2.0E-4
1785	2.0E-4
1786	2.0E-4
1787	2.0E-4
1788	2.0E-4
1789	5.0E-4
179	0.1196
1790	5.0E-4
1791	2.0E-4
1792	2.0E-4
1793	2.0E-4
1794	2.0E-4
1795	2.0E-4
1796	2.0E-4
1797	2.0E-4
1798	2.0E-4
1799	2.0E-4
18	0.2
180	0.1119
1800	2.0E-4
1801	2.0E-4
1802	2.0E-4
1803	2.0E-4
1804	2.0E-4
1805	2.0E-4
1806	2.0E-4
1807	2.0E-4
1808	2.0E-4
1809	2.0E-4
181	0.1124
1810	2.0E-4
1811	2.0E-4
1812	2.0E-4
1813	2.0E-4
1814	2.0E-4
1815	3.0E-4
1816	3.0E-4
1817	3.0E-4
1818	0.004
1819	0.0194
182	0.0742
1820	0.0059
1821	0.0068
1822	0.0059
1823	0.0127
1824	0.0127
1825	0.0127
1826	0.0127
1827	0.0127
1828	0.0127
1829	0.0127
183	0.1119
1830	0.0159
1831	0.0216
1832	0.0127
1833	0.0212
1834	0.0212
1835	0.0127
1836	0.015
1837	0.0074
1838	0.0202
1839	0.0197
184	0.1132
1840	0.0197
1841	0.0169
1842	0.0155
1843	0.0155
1844	0.0155
1845	0.0155
1846	0.0155
1847	0.0155
1848	0.0155
1849	0.0056
185	0.1119
1850	0.0056
1851	0.0071
1852	0.0056
1853	0.0042
1854	1.0E-4
1855	2.0E-4
1856	2.0E-4
1857	2.0E-4
1858	2.0E-4
1859	2.0E-4
186	0.1126
1860	0.0013
1861	0.0035
1862	0.0035
1863	0.0038
1864	2.0E-4
1865	2.0E-4
1866	2.0E-4
1867	2.0E-4
1868	2.0E-4
1869	2.0E-4
187	0.1124
1870	4.0E-4
1871	0.5794
1872	2.215
1873	2.4299
1874	0.5749
1875	2.8734
1876	1.9262
1877	2.8734
1878	2.899
1879	0.111
188	0.1119
1880	0.111
1881	0.111
1882	0.111
1883	2.5402
1884	0.2504
1885	0.2504
1886	0.2504
1887	0.2504
1888	0.2504
1889	0.2504
189	0.1357
1890	0.2504
1891	0.2504
1892	0.2504
1893	0.2504
1894	0.2504
1895	0.2504
1896	1.0E-4
1897	1.0E-4
1898	1.0E-4
1899	1.0E-4
19	0.0611
190	0.0032
1900	1.0E-4
1901	1.0E-4
1902	1.0E-4
1903	1.0E-4
1904	1.0E-4
1905	1.0E-4
1906	1.0E-4
1907	1.0E-4
1908	1.0E-4
1909	1.0E-4
191	0.0044
1910	1.0E-4
1911	1.0E-4
1912	1.0E-4
1913	1.0E-4
1914	1.0E-4
1915	1.0E-4
1916	1.0E-4
1917	1.0E-4
1918	1.0E-4
1919	1.0E-4
192	0.2806
1920	1.0E-4
1921	1.0E-4
1922	1.0E-4
1923	1.0E-4
1924	1.0E-4
1925	1.0E-4
1926	1.0E-4
1927	1.0E-4
1928	1.0E-4
1929	1.0E-4
193	1.9102
1930	1.0E-4
1931	1.0E-4
1932	1.0E-4
1933	1.0E-4
1934	1.0E-4
1935	1.0E-4
1936	1.0E-4
1937	1.0E-4
1938	1.0E-4
1939	1.0E-4
194	0.684
1940	1.0E-4
1941	1.0E-4
1942	1.0E-4
1943	1.0E-4
1944	1.0E-4
1945	1.0E-4
1946	1.0E-4
1947	1.0E-4
1948	1.0E-4
1949	1.0E-4
195	0.9283
1950	1.0E-4
1951	1.0E-4
1952	1.0E-4
1953	1.0E-4
1954	1.0E-4
1955	1.0E-4
1956	1.0E-4
1957	1.0E-4
1958	1.0E-4
1959	1.0E-4
196	0.924
1960	1.0E-4
1961	1.0E-4
1962	1.0E-4
1963	1.0E-4
1964	1.0E-4
1965	1.0E-4
1966	1.0E-4
1967	1.0E-4
1968	1.0E-4
1969	1.0E-4
197	0.6345
1970	1.0E-4
1971	1.0E-4
1972	1.0E-4
1973	1.0E-4
1974	1.0E-4
1975	1.0E-4
1976	1.0E-4
1977	1.0E-4
1978	1.0E-4
1979	1.0E-4
198	0.7714
1980	1.0E-4
1981	1.0E-4
1982	1.0E-4
1983	1.0E-4
1984	1.0E-4
1985	1.0E-4
1986	1.0E-4
1987	1.0E-4
1988	1.0E-4
1989	1.0E-4
199	0.9205
1990	1.0E-4
1991	1.0E-4
1992	1.0E-4
1993	1.0E-4
1994	1.0E-4
1995	1.0041
1996	1.0E-4
1997	1.0E-4
1998	1.0E-4
1999	1.0E-4
2	22.6617
20	0.1791
200	1.0744
2000	1.0E-4
2001	1.0E-4
2002	1.0E-4
2003	1.0E-4
2004	1.0E-4
2005	1.0E-4
2006	1.0E-4
2007	1.0E-4
2008	1.0E-4
2009	1.0E-4
201	1.8334
2010	1.0E-4
2011	1.0E-4
2012	1.0E-4
2013	1.0E-4
2014	1.0E-4
2015	1.0E-4
2016	1.0E-4
2017	1.0E-4
2018	1.0E-4
2019	1.0E-4
202	1.8777
2020	1.0E-4
2021	1.0E-4
2022	1.0E-4
2023	1.0E-4
2024	1.0E-4
2025	1.0E-4
2026	1.0E-4
2027	1.0E-4
2028	1.0E-4
2029	1.0E-4
203	0.5951
2030	1.0E-4
2031	1.0E-4
2032	1.0E-4
2033	1.0E-4
2034	1.0E-4
2035	1.0E-4
2036	1.0E-4
2037	1.0E-4
2038	1.0E-4
2039	1.0E-4
204	0.8585
2040	1.0E-4
2041	1.0E-4
2042	1.0E-4
2043	1.0E-4
2044	1.0E-4
2045	1.0E-4
2046	1.0E-4
2047	1.0E-4
2048	1.0E-4
2049	1.0E-4
205	0.6967
2050	1.0E-4
2051	1.0E-4
2052	1.0E-4
2053	1.0E-4
2054	1.0E-4
2055	1.0E-4
2056	1.0E-4
2057	1.0E-4
2058	1.0E-4
2059	1.0E-4
206	0.5767
2060	1.0E-4
2061	1.0E-4
2062	1.0E-4
2063	1.0E-4
2064	1.0E-4
2065	1.0E-4
2066	1.0E-4
2067	1.0E-4
2068	1.0E-4
2069	1.0E-4
207	0.0071
2070	1.0E-4
2071	1.0E-4
2072	1.0E-4
2073	1.0E-4
2074	1.0E-4
2075	1.0E-4
2076	1.0E-4
2077	1.0E-4
2078	1.0E-4
2079	1.0E-4
208	0.0074
2080	0.0142
2081	0.0106
2082	0.0142
2083	0.0106
2084	0.0088
2085	0.0111
2086	0.0021
2087	0.0021
2088	0.0021
2089	0.0021
209	0.0248
2090	0.0088
2091	0.0021
2092	0.0021
2093	0.0085
2094	0.0085
2095	0.0021
2096	0.0088
2097	0.0056
2098	0.0329
2099	0.0067
21	0.0588
210	0.0198
2100	2.8404
2101	0.0178
2102	2.0E-4
2103	0.201
2104	2.0E-4
2105	2.0E-4
2106	2.0E-4
2107	7.0E-4
2108	7.0E-4
2109	7.0E-4
211	0.1932
2110	7.0E-4
2111	7.0E-4
2112	7.0E-4
2113	7.0E-4
2114	7.0E-4
2115	8.0E-4
2116	7.0E-4
2117	7.0E-4
2118	7.0E-4
2119	7.0E-4
212	1.2536
2120	7.0E-4
2121	7.0E-4
2122	7.0E-4
2123	7.0E-4
2124	7.0E-4
2125	0.0112
2126	0.0112
2127	0.0134
2128	0.0268
2129	0.0134
213	1.2304
2130	0.0134
2131	0.0134
2132	0.0057
2133	0.0057
2134	0.0057
2135	0.0057
2136	0.0057
2137	0.019
2138	0.019
2139	0.0222
214	1.2358
2140	0.019
2141	0.019
2142	0.019
2143	0.019
2144	0.6001
2145	0.7105
2146	0.5827
2147	0.5827
2148	0.6001
2149	7.0E-4
215	1.2176
2150	7.0E-4
2151	7.0E-4
2152	7.0E-4
2153	7.0E-4
2154	7.0E-4
2155	7.0E-4
2156	7.0E-4
2157	7.0E-4
2158	7.0E-4
2159	0.0011
216	1.2258
2160	0.0011
2161	0.0011
2162	0.0011
2163	0.0011
2164	0.0011
2165	0.0011
2166	0.0011
2167	8.0E-4
2168	8.0E-4
2169	8.0E-4
217	1.2656
2170	8.0E-4
2171	0.0298
2172	0.5316
2173	8.0E-4
2174	8.0E-4
2175	8.0E-4
2176	8.0E-4
2177	8.0E-4
2178	8.0E-4
2179	8.0E-4
218	0.8044
2180	7.0E-4
2181	7.0E-4
2182	7.0E-4
2183	7.0E-4
2184	7.0E-4
2185	7.0E-4
2186	7.0E-4
2187	7.0E-4
2188	7.0E-4
2189	7.0E-4
219	0.2121
2190	7.0E-4
2191	7.0E-4
2192	7.0E-4
2193	0.8732
2194	0.8551
2195	0.8551
2196	0.8732
2197	0.8732
2198	0.8183
2199	0.1534
22	0.0058
220	0.225
2200	0.1534
2201	0.1534
2202	0.1534
2203	0.1534
2204	0.1534
2205	0.1534
2206	0.1534
2207	0.1534
2208	0.1534
2209	0.0016
221	0.0105
2210	2.0E-4
2211	5.0E-4
2212	0.0012
2213	4.0E-4
2214	3.0E-4
2215	3.0E-4
2216	2.0E-4
2217	2.0E-4
2218	2.0E-4
2219	4.0E-4
222	0.0105
2220	2.0E-4
2221	3.0E-4
2222	7.0E-4
2223	2.0E-4
2224	2.0E-4
2225	3.0E-4
2226	3.0E-4
2227	3.0E-4
2228	3.0E-4
2229	5.0E-4
223	5.0E-4
2230	4.0E-4
2231	2.0E-4
2232	2.0E-4
2233	2.0E-4
2234	2.0E-4
2235	4.0E-4
2236	9.0E-4
2237	4.0E-4
2238	5.0E-4
2239	5.0E-4
224	1.4249
2240	5.0E-4
2241	4.0E-4
2242	4.0E-4
2243	4.0E-4
2244	5.0E-4
2245	5.0E-4
2246	3.0E-4
2247	3.0E-4
2248	3.0E-4
2249	4.0E-4
225	0.0042
2250	1.0E-4
2251	1.0E-4
2252	1.0E-4
2253	1.0E-4
2254	1.0E-4
2255	1.0E-4
2256	1.0E-4
2257	1.0E-4
2258	8.0E-4
2259	3.0E-4
226	0.0044
2260	4.0E-4
2261	5.0E-4
2262	4.0E-4
2263	5.0E-4
2264	2.0E-4
2265	2.0E-4
2266	2.0E-4
2267	4.0E-4
2268	8.0E-4
2269	2.0E-4
227	0.004
2270	2.0E-4
2271	2.0E-4
2272	2.0E-4
2273	2.0E-4
2274	2.0E-4
2275	5.0E-4
2276	5.0E-4
2277	5.0E-4
2278	5.0E-4
2279	4.0E-4
228	0.0042
2280	4.0E-4
2281	5.0E-4
2282	9.0E-4
2283	0.0012
2284	4.0E-4
2285	2.0E-4
2286	2.0E-4
2287	2.0E-4
2288	2.0E-4
2289	2.0E-4
229	0.0059
2290	0.001
2291	3.0E-4
2292	3.0E-4
2293	3.0E-4
2294	5.0E-4
2295	5.0E-4
2296	5.0E-4
2297	5.0E-4
2298	2.0E-4
2299	2.0E-4
23	0.0615
230	0.0042
2300	2.0E-4
2301	2.0E-4
2302	2.0E-4
2303	2.0E-4
2304	2.0E-4
2305	2.0E-4
2306	1.0E-4
2307	1.0E-4
2308	1.0E-4
2309	1.0E-4
231	0.2125
2310	1.0E-4
2311	1.0E-4
2312	1.0E-4
2313	1.0E-4
2314	1.0E-4
2315	1.0E-4
2316	1.0E-4
2317	1.0E-4
2318	1.0E-4
2319	1.0E-4
232	0.16
2320	1.0E-4
2321	1.0E-4
2322	1.0E-4
2323	1.0E-4
2324	1.0E-4
2325	1.0E-4
2326	1.0E-4
2327	1.0E-4
2328	1.0E-4
2329	1.0E-4
233	0.16
2330	1.0E-4
2331	1.0E-4
2332	1.0E-4
2333	1.0E-4
2334	1.0E-4
2335	1.0E-4
2336	1.0E-4
2337	1.0E-4
2338	1.0E-4
2339	1.0E-4
234	0.16
2340	1.0E-4
2341	1.0E-4
2342	1.0E-4
2343	1.0E-4
2344	1.0E-4
2345	1.0E-4
2346	1.0E-4
2347	1.0E-4
2348	1.0E-4
2349	1.0E-4
235	0.2617
2350	1.0E-4
2351	1.0E-4
2352	1.0E-4
2353	1.0E-4
2354	1.0E-4
2355	1.0E-4
2356	1.0E-4
2357	1.0E-4
2358	1.0E-4
2359	1.0E-4
236	0.2809
2360	1.0E-4
2361	1.0E-4
2362	0.0034
2363	0.1414
2364	1.0E-4
2365	1.0E-4
2366	1.0E-4
2367	1.0E-4
2368	1.0E-4
2369	1.0E-4
237	0.16
2370	1.0E-4
2371	1.0E-4
2372	1.0E-4
2373	1.0E-4
2374	1.0E-4
2375	1.0E-4
2376	1.0E-4
2377	1.0E-4
2378	1.0E-4
2379	1.0E-4
238	0.16
2380	1.0E-4
2381	1.0E-4
2382	1.0E-4
2383	1.0E-4
2384	1.0E-4
2385	2.0E-4
2386	1.0E-4
2387	1.0E-4
2388	1.0E-4
2389	1.0E-4
239	0.16
2390	1.0E-4
2391	1.0E-4
2392	1.0E-4
2393	1.0E-4
2394	1.0E-4
2395	1.0E-4
2396	1.0E-4
2397	1.0E-4
2398	1.0E-4
2399	1.0E-4
24	0.0066
240	0.2868
2400	1.0E-4
2401	1.0E-4
2402	9.0E-4
2403	1.0E-4
2404	1.0E-4
2405	1.0E-4
2406	1.0E-4
2407	1.0E-4
2408	1.0E-4
2409	1.0E-4
241	0.1663
2410	1.0E-4
2411	1.0E-4
2412	1.0E-4
2413	1.0E-4
2414	1.0E-4
2415	1.0E-4
2416	1.0E-4
2417	2.0E-4
2418	2.0E-4
2419	2.0E-4
242	0.2554
2420	1.0E-4
2421	1.0E-4
2422	1.0E-4
2423	1.0E-4
2424	1.0E-4
2425	1.0E-4
2426	1.0E-4
2427	1.0E-4
2428	1.0E-4
2429	1.0E-4
243	0.16
2430	1.0E-4
2431	1.0E-4
2432	1.0E-4
2433	1.0E-4
2434	1.0E-4
2435	1.0E-4
2436	1.0E-4
2437	1.0E-4
2438	1.0E-4
2439	1.0E-4
244	0.2446
2440	1.0E-4
2441	1.0E-4
2442	1.0E-4
2443	1.0E-4
2444	1.0E-4
2445	1.0E-4
2446	1.0E-4
2447	1.0E-4
2448	1.0E-4
2449	1.0E-4
245	0.2446
2450	1.0E-4
2451	1.0E-4
2452	0.0139
2453	0.0084
2454	0.0084
2455	0.0035
2456	0.0084
2457	0.009
2458	0.0084
2459	0.0035
246	0.2197
2460	0.0017
2461	0.0017
2462	0.0017
2463	0.0017
2464	0.0017
2465	0.0017
2466	0.0017
2467	0.0017
2468	0.0017
2469	0.0017
247	0.16
2470	0.0017
2471	0.0017
2472	0.0017
2473	0.0017
2474	0.0017
2475	0.0017
2476	0.0017
2477	0.0017
2478	0.0017
2479	0.0017
248	0.4415
2480	0.0017
2481	0.0017
2482	0.0099
2483	0.0055
2484	0.0055
2485	0.0197
2486	0.0197
2487	0.0021
2488	0.0021
2489	0.0021
249	0.968
2490	0.0021
2491	0.0021
2492	0.0021
2493	0.0021
2494	0.0021
2495	0.0021
2496	0.0021
2497	0.0021
2498	0.0021
2499	0.0021
25	0.0058
250	0.2135
2500	0.0021
2501	0.0021
2502	0.0021
2503	0.0021
2504	0.0021
2505	0.0021
2506	0.0021
2507	0.0021
2508	0.0021
2509	0.0021
251	0.2232
2510	2.0E-4
2511	2.0E-4
2512	2.0E-4
2513	2.0E-4
2514	2.0E-4
2515	1.0E-4
2516	1.0E-4
2517	1.0E-4
2518	1.0E-4
2519	1.0E-4
252	0.5001
2520	1.0E-4
2521	1.0E-4
2522	1.0E-4
2523	1.0E-4
2524	2.0E-4
2525	1.0E-4
2526	1.0E-4
2527	1.0E-4
2528	1.0E-4
2529	1.0E-4
253	0.1697
2530	1.0E-4
2531	1.0E-4
2532	2.0E-4
2533	2.0E-4
2534	2.0E-4
2535	4.0E-4
2536	0.151
2537	0.3306
2538	0.3306
2539	0.151
254	0.2918
2540	5.0E-4
2541	5.0E-4
2542	5.0E-4
2543	5.0E-4
2544	2.0E-4
2545	2.0E-4
2546	2.0E-4
2547	4.0E-4
2548	4.0E-4
2549	4.0E-4
255	0.3739
2550	4.0E-4
2551	0.638
2552	0.638
2553	0.638
2554	0.638
2555	1.0E-4
2556	1.0E-4
2557	1.0E-4
2558	1.0E-4
2559	1.0E-4
256	0.3459
2560	1.0E-4
2561	1.0E-4
2562	1.0E-4
2563	0.0026
2564	2.0E-4
2565	2.0E-4
2566	2.0E-4
2567	2.0E-4
2568	2.0E-4
2569	1.0E-4
257	0.4334
2570	1.0E-4
2571	1.0E-4
2572	1.0E-4
2573	1.0E-4
2574	1.0E-4
2575	1.0E-4
2576	1.0E-4
2577	1.0E-4
2578	1.0E-4
2579	1.0E-4
258	0.9781
2580	1.0E-4
2581	1.0E-4
2582	1.0E-4
2583	1.0E-4
2584	1.0E-4
2585	1.0E-4
2586	3.0E-4
2587	3.0E-4
2588	0.0075
2589	0.0016
259	0.9781
2590	0.0016
2591	0.0016
2592	0.0014
2593	0.0014
2594	0.0014
2595	0.0014
2596	0.0014
2597	0.0014
2598	0.0057
2599	2.0E-4
26	0.9972
260	0.9781
2600	2.0E-4
2601	2.0E-4
2602	2.0E-4
2603	2.0E-4
2604	2.0E-4
2605	2.0E-4
2606	2.0E-4
2607	2.0E-4
2608	2.0E-4
2609	2.0E-4
261	0.0917
2610	1.0E-4
2611	1.0E-4
2612	1.0E-4
2613	1.0E-4
2614	1.0E-4
2615	1.0E-4
2616	1.0E-4
2617	1.0E-4
2618	1.0E-4
2619	1.0E-4
262	0.1006
2620	1.0E-4
2621	1.0E-4
2622	1.0E-4
2623	1.0E-4
2624	1.0E-4
2625	1.0E-4
2626	1.0E-4
2627	1.0E-4
2628	1.0E-4
2629	1.0E-4
263	0.0954
2630	1.0E-4
2631	1.0E-4
2632	1.0E-4
2633	1.0E-4
2634	1.0E-4
2635	1.0E-4
2636	1.0E-4
2637	1.0E-4
2638	1.0E-4
2639	1.0E-4
264	0.1073
2640	1.0E-4
2641	1.0E-4
2642	1.0E-4
2643	1.0E-4
2644	1.0E-4
2645	1.0E-4
2646	1.0E-4
2647	1.0E-4
2648	1.0E-4
2649	1.0E-4
265	0.0972
2650	1.0E-4
2651	1.0E-4
2652	1.0E-4
2653	1.0E-4
2654	1.0E-4
2655	1.0E-4
2656	1.0E-4
2657	1.0E-4
2658	1.0E-4
2659	1.0E-4
266	0.0964
2660	1.0E-4
2661	1.0E-4
2662	1.0E-4
2663	4.0E-4
2664	2.0E-4
2665	2.0E-4
2666	2.0E-4
2667	2.0E-4
2668	2.0E-4
2669	2.0E-4
267	0.1037
2670	2.0E-4
2671	1.07
2672	1.07
2673	1.07
2674	1.07
2675	1.07
2676	8.0E-4
2677	1.0E-4
2678	1.0E-4
2679	1.0E-4
268	0.1015
2680	2.0E-4
2681	1.0E-4
2682	1.0E-4
2683	1.0E-4
2684	1.0E-4
2685	1.0E-4
2686	1.0E-4
2687	1.0E-4
2688	1.0E-4
2689	1.0E-4
269	0.0954
2690	1.0E-4
2691	1.0E-4
2692	1.0E-4
2693	1.0E-4
2694	1.0E-4
2695	1.0E-4
2696	1.0E-4
2697	1.0E-4
2698	1.0E-4
2699	1.0E-4
27	12.8836
270	0.1056
2700	1.0E-4
2701	1.0E-4
2702	1.0E-4
2703	1.0E-4
2704	1.0E-4
2705	1.0E-4
2706	1.0E-4
2707	1.0E-4
2708	1.0E-4
2709	1.0E-4
271	0.0892
2710	1.0E-4
2711	1.0E-4
2712	1.0E-4
2713	1.0E-4
2714	1.0E-4
2715	1.0E-4
2716	1.0E-4
2717	1.0E-4
2718	1.0E-4
2719	1.0E-4
272	0.1023
2720	1.0E-4
2721	1.0E-4
2722	1.0E-4
2723	1.0E-4
2724	1.0E-4
2725	1.0E-4
2726	1.0E-4
2727	2.0E-4
2728	1.0E-4
2729	1.0E-4
273	0.0962
2730	1.0E-4
2731	1.0E-4
2732	1.0E-4
2733	1.0E-4
2734	1.0E-4
2735	0.176
2736	2.0E-4
2737	0.0018
2738	0.0018
2739	0.0018
274	0.0901
2740	0.0018
2741	0.0018
2742	0.0018
2743	0.0018
2744	0.0018
2745	0.0018
2746	0.0018
2747	0.0018
2748	2.0E-4
2749	2.0E-4
275	0.0997
2750	2.0E-4
2751	2.0E-4
2752	2.0E-4
2753	0.0128
2754	2.0E-4
2755	2.0E-4
2756	3.0E-4
2757	4.0E-4
2758	4.0E-4
2759	5.0E-4
276	0.1121
2760	9.0E-4
2761	9.0E-4
2762	9.0E-4
2763	0.0024
2764	0.0024
2765	0.0024
2766	0.0024
2767	0.0024
2768	0.0024
2769	0.0024
277	0.0976
2770	0.0024
2771	0.2516
2772	0.2516
2773	0.2516
2774	0.2516
2775	0.2516
2776	0.2516
2777	0.2516
2778	0.2516
2779	0.2516
278	0.1048
2780	0.2516
2781	0.2516
2782	0.2516
2783	1.0E-4
2784	4.0E-4
2785	4.0E-4
2786	0.0029
2787	0.0125
2788	0.0125
2789	3.0E-4
279	0.096
2790	3.0E-4
2791	3.0E-4
2792	3.0E-4
2793	3.0E-4
2794	4.0E-4
2795	4.0E-4
2796	4.0E-4
2797	4.0E-4
2798	0.0059
2799	2.0E-4
28	9.8633
280	0.2279
2800	2.0E-4
2801	2.0E-4
2802	2.0E-4
2803	2.0E-4
2804	2.0E-4
2805	2.0E-4
2806	2.0E-4
2807	2.0E-4
2808	2.0E-4
2809	2.0E-4
281	0.0962
2810	2.0E-4
2811	2.0E-4
2812	2.0E-4
2813	2.0E-4
2814	2.0E-4
2815	2.0E-4
2816	2.0E-4
2817	2.0E-4
2818	2.0E-4
2819	2.0E-4
282	0.0989
2820	2.0E-4
2821	2.0E-4
2822	2.0E-4
2823	2.0E-4
2824	2.0E-4
2825	2.0E-4
2826	2.0E-4
2827	2.0E-4
2828	2.0E-4
2829	2.0E-4
283	0.0964
2830	2.0E-4
2831	2.0E-4
2832	2.0E-4
2833	2.0E-4
2834	2.0E-4
2835	2.0E-4
2836	2.0E-4
2837	2.0E-4
2838	2.0E-4
2839	2.0E-4
284	0.0974
2840	2.0E-4
2841	2.0E-4
2842	2.0E-4
2843	2.0E-4
2844	2.0E-4
2845	2.0E-4
2846	2.0E-4
2847	2.0E-4
2848	2.0E-4
2849	2.0E-4
285	0.0966
2850	2.0E-4
2851	2.0E-4
2852	2.0E-4
2853	2.0E-4
2854	2.0E-4
2855	2.0E-4
2856	2.0E-4
2857	2.0E-4
2858	2.0E-4
2859	2.0E-4
286	0.0954
2860	2.0E-4
2861	2.0E-4
2862	2.0E-4
2863	2.0E-4
2864	2.0E-4
2865	2.0E-4
2866	2.0E-4
2867	2.0E-4
2868	2.0E-4
2869	2.0E-4
287	0.0954
2870	2.0E-4
2871	2.0E-4
2872	2.0E-4
2873	2.0E-4
2874	2.0E-4
2875	2.0E-4
2876	2.0E-4
2877	2.0E-4
2878	2.0E-4
2879	2.0E-4
288	0.0979
2880	2.0E-4
2881	2.0E-4
2882	2.0E-4
2883	2.0E-4
2884	2.0E-4
2885	2.0E-4
2886	2.0E-4
2887	2.0E-4
2888	2.0E-4
2889	2.0E-4
289	0.0964
2890	2.0E-4
2891	2.0E-4
2892	2.0E-4
2893	2.0E-4
2894	2.0E-4
2895	2.0E-4
2896	2.0E-4
2897	2.0E-4
2898	2.0E-4
2899	2.0E-4
29	9.8623
290	0.0969
2900	2.0E-4
2901	2.0E-4
2902	2.0E-4
2903	2.0E-4
2904	2.0E-4
2905	2.0E-4
2906	2.0E-4
2907	2.0E-4
2908	2.0E-4
2909	2.0E-4
291	0.0995
2910	2.0E-4
2911	2.0E-4
2912	2.0E-4
2913	2.0E-4
2914	2.0E-4
2915	2.0E-4
2916	2.0E-4
2917	2.0E-4
2918	2.0E-4
2919	2.0E-4
292	0.0982
2920	2.0E-4
2921	2.0E-4
2922	2.0E-4
2923	2.0E-4
2924	2.0E-4
2925	2.0E-4
2926	2.0E-4
2927	2.0E-4
2928	2.0E-4
2929	2.0E-4
293	0.0969
2930	2.0E-4
2931	2.0E-4
2932	2.0E-4
2933	2.0E-4
2934	2.0E-4
2935	2.0E-4
2936	2.0E-4
2937	2.0E-4
2938	2.0E-4
2939	2.0E-4
294	0.1393
2940	2.0E-4
2941	2.0E-4
2942	2.0E-4
2943	2.0E-4
2944	2.0E-4
2945	2.0E-4
2946	2.0E-4
2947	2.0E-4
2948	2.0E-4
2949	2.0E-4
295	0.1396
2950	2.0E-4
2951	2.0E-4
2952	2.0E-4
2953	2.0E-4
2954	2.0E-4
2955	2.0E-4
2956	2.0E-4
2957	2.0E-4
2958	2.0E-4
2959	2.0E-4
296	0.139
2960	2.0E-4
2961	2.0E-4
2962	2.0E-4
2963	2.0E-4
2964	2.0E-4
2965	2.0E-4
2966	2.0E-4
2967	2.0E-4
2968	2.0E-4
2969	2.0E-4
297	0.1448
2970	2.0E-4
2971	2.0E-4
2972	2.0E-4
2973	2.0E-4
2974	2.0E-4
2975	2.0E-4
2976	2.0E-4
2977	2.0E-4
2978	2.0E-4
2979	2.0E-4
298	0.1451
2980	2.0E-4
2981	2.0E-4
2982	2.0E-4
2983	0.0074
2984	9.0E-4
2985	9.0E-4
2986	9.0E-4
2987	9.0E-4
2988	9.0E-4
2989	9.0E-4
299	0.139
2990	0.005
2991	0.0031
2992	0.0031
2993	0.0031
2994	0.0013
2995	0.0031
2996	0.0033
2997	0.0031
2998	0.0013
2999	6.0E-4
3	0.0104
30	2.6354
300	0.4675
3000	6.0E-4
3001	6.0E-4
3002	6.0E-4
3003	6.0E-4
3004	6.0E-4
3005	6.0E-4
3006	6.0E-4
3007	6.0E-4
3008	6.0E-4
3009	6.0E-4
301	0.139
3010	6.0E-4
3011	6.0E-4
3012	6.0E-4
3013	6.0E-4
3014	6.0E-4
3015	6.0E-4
3016	6.0E-4
3017	6.0E-4
3018	6.0E-4
3019	6.0E-4
302	0.3464
3020	6.0E-4
3021	7.0E-4
3022	6.0E-4
3023	6.0E-4
3024	6.0E-4
3025	6.0E-4
3026	0.0036
3027	0.0036
3028	0.002
3029	0.002
303	0.506
3030	0.0074
3031	0.0074
3032	8.0E-4
3033	8.0E-4
3034	8.0E-4
3035	8.0E-4
3036	8.0E-4
3037	8.0E-4
3038	8.0E-4
3039	8.0E-4
304	0.0063
3040	8.0E-4
3041	8.0E-4
3042	8.0E-4
3043	8.0E-4
3044	8.0E-4
3045	8.0E-4
3046	8.0E-4
3047	8.0E-4
3048	8.0E-4
3049	8.0E-4
305	0.0146
3050	8.0E-4
3051	8.0E-4
3052	8.0E-4
3053	8.0E-4
3054	8.0E-4
3055	0.0096
3056	0.0069
3057	0.0096
3058	0.0069
3059	0.0014
306	0.0158
3060	0.0014
3061	0.0014
3062	0.0014
3063	0.0014
3064	0.0014
3065	0.0058
3066	0.0058
3067	0.0014
3068	0.004
3069	0.0016
307	0.0164
3070	0.0016
3071	0.0016
3072	0.0014
3073	0.0014
3074	0.0014
3075	0.0014
3076	0.0014
3077	0.0014
3078	4.0E-4
3079	4.0E-4
308	0.008
3080	4.0E-4
3081	4.0E-4
3082	4.0E-4
3083	4.0E-4
3084	4.0E-4
3085	4.0E-4
3086	4.0E-4
3087	4.0E-4
3088	0.5375
3089	2.114
309	0.8195
3090	0.1865
3091	0.1865
3092	0.1865
3093	0.1865
3094	0.1906
3095	0.3769
3096	0.1865
3097	0.2058
3098	0.3311
3099	0.3088
31	1.4649
310	0.6818
3100	0.3088
3101	0.3088
3102	0.2071
3103	0.2071
3104	0.2293
3105	0.3088
3106	0.3088
3107	0.315
3108	0.3088
3109	0.3885
311	0.6846
3110	0.3088
3111	1.0676
3112	0.2908
3113	0.2887
3114	0.0489
3115	0.0552
3116	0.0489
3117	0.0715
3118	0.0489
3119	0.273
312	0.7164
3120	0.1674
3121	5.0E-4
3122	2.0E-4
3123	2.0E-4
3124	2.0E-4
3125	4.0E-4
3126	3.0E-4
3127	3.0E-4
3128	4.0E-4
3129	1.004
313	0.6818
3130	0.0024
3131	0.0024
3132	0.0024
3133	0.0022
3134	0.0022
3135	0.0022
3136	0.0022
3137	0.0022
3138	0.0022
3139	0.0078
314	0.6818
3140	0.2507
3141	0.2507
3142	0.2507
3143	0.2507
3144	0.2507
3145	0.2507
3146	0.2507
3147	0.2507
3148	0.2507
3149	0.2507
315	0.6818
3150	0.2507
3151	0.2507
3152	8.0E-4
3153	3.0E-4
3154	3.0E-4
3155	3.0E-4
3156	0.021
3157	0.0027
3158	0.0014
3159	0.0028
316	0.6818
3160	0.0014
3161	0.0026
3162	0.0014
3163	0.4027
3164	0.0859
3165	0.0014
3166	0.0014
3167	0.0061
3168	0.0061
3169	0.0121
317	0.6818
3170	0.1051
3171	0.1067
3172	0.1067
3173	0.1051
3174	3.0E-4
3175	3.0E-4
3176	3.0E-4
3177	0.0291
3178	0.0291
3179	0.0291
318	0.6818
3180	0.0357
3181	0.4149
3182	2.5287
3183	0.0449
3184	1.4269
3185	0.0291
3186	4.6443
3187	0.0422
3188	3.0288
3189	0.9019
319	0.6818
3190	0.9019
3191	0.0362
3192	0.0291
3193	0.0291
3194	0.0291
3195	0.0291
3196	0.2539
3197	1.0E-4
3198	1.0E-4
3199	1.0E-4
32	2.4074
320	0.8245
3200	1.0E-4
3201	1.0E-4
3202	1.0E-4
3203	1.0E-4
3204	1.0E-4
3205	1.0E-4
3206	1.0E-4
3207	1.0E-4
3208	1.0E-4
3209	1.0E-4
321	0.0768
3210	1.0E-4
3211	1.0E-4
3212	1.0E-4
3213	1.0E-4
3214	1.0E-4
3215	1.0E-4
3216	1.0E-4
3217	1.0E-4
3218	1.0E-4
3219	2.0E-4
322	0.0772
3220	9.0383
3221	6.9693
3222	2.1464
3223	4.9018
3224	7.6589
3225	3.7531
3226	6.2806
3227	12.0249
3228	5.5907
3229	3.2938
323	0.0772
3230	2.0E-4
3231	1.0E-4
3232	1.0E-4
3233	3.0E-4
3234	3.0E-4
3235	3.0E-4
3236	2.0E-4
3237	2.0E-4
3238	0.0032
3239	0.0022
324	0.0597
3240	0.0022
3241	2.0E-4
3242	2.0E-4
3243	2.0E-4
3244	2.0E-4
3245	2.0E-4
3246	2.0E-4
3247	2.0E-4
3248	2.0E-4
3249	2.0E-4
325	0.0211
3250	2.0E-4
3251	2.0E-4
3252	2.0E-4
3253	2.0E-4
3254	2.0E-4
3255	2.0E-4
3256	2.0E-4
3257	2.0E-4
3258	2.0E-4
3259	2.0E-4
326	0.0211
3260	2.0E-4
3261	2.0E-4
3262	2.0E-4
3263	2.0E-4
3264	2.0E-4
3265	2.0E-4
3266	2.0E-4
3267	2.0E-4
3268	1.0E-4
3269	1.0E-4
327	0.0211
3270	1.0E-4
3271	1.0E-4
3272	1.0E-4
3273	1.0E-4
3274	3.6365
3275	1.0E-4
3276	2.0E-4
3277	2.0E-4
3278	2.0E-4
3279	1.0E-4
328	0.0211
3280	1.0E-4
3281	1.0E-4
3282	1.0E-4
3283	1.0E-4
3284	1.0E-4
3285	1.0E-4
3286	1.0E-4
3287	1.0E-4
3288	1.0E-4
3289	1.0E-4
329	0.0211
3290	1.0E-4
3291	1.0E-4
3292	1.0E-4
3293	1.0E-4
3294	1.0E-4
3295	1.0E-4
3296	1.0E-4
3297	1.0E-4
3298	1.0E-4
3299	2.0E-4
33	3.0656
330	0.0211
3300	0.0023
3301	0.0023
3302	0.0023
3303	8.0E-4
3304	8.0E-4
3305	8.0E-4
3306	8.0E-4
3307	8.0E-4
3308	8.0E-4
3309	8.0E-4
331	0.0697
3310	8.0E-4
3311	8.0E-4
3312	8.0E-4
3313	6.0E-4
3314	6.0E-4
3315	6.0E-4
3316	6.0E-4
3317	6.0E-4
3318	6.0E-4
3319	6.0E-4
332	0.0801
3320	6.0E-4
3321	7.0E-4
3322	0.0205
3323	0.0205
3324	0.0205
3325	0.0205
3326	0.0205
3327	0.0205
3328	0.0205
3329	1.0E-4
333	0.0061
3330	1.0E-4
3331	1.0E-4
3332	1.0E-4
3333	1.0E-4
3334	1.0E-4
3335	1.0E-4
3336	1.0E-4
3337	1.0E-4
3338	1.0E-4
3339	1.0E-4
334	0.1355
3340	1.0E-4
3341	1.0E-4
3342	1.0E-4
3343	1.0E-4
3344	1.0E-4
3345	1.0E-4
3346	1.0E-4
3347	1.0E-4
3348	1.0E-4
3349	1.0E-4
335	0.1355
3350	1.0E-4
3351	1.0E-4
3352	1.0E-4
3353	1.0E-4
3354	1.0E-4
3355	1.0E-4
3356	2.0E-4
3357	1.0E-4
3358	1.0E-4
3359	1.0E-4
336	0.1355
3360	1.0E-4
3361	1.0E-4
3362	1.0E-4
3363	1.0E-4
3364	1.0E-4
3365	1.0E-4
3366	1.0E-4
3367	1.0E-4
3368	1.0E-4
3369	1.0E-4
337	0.5406
3370	1.0E-4
3371	1.0E-4
3372	1.0E-4
3373	1.0E-4
3374	1.0E-4
3375	1.0E-4
3376	1.0E-4
3377	1.0E-4
3378	1.0E-4
3379	1.0E-4
338	0.5406
3380	1.0E-4
3381	1.0E-4
3382	1.0E-4
3383	1.0E-4
3384	1.0E-4
3385	1.0E-4
3386	1.0E-4
3387	1.0E-4
3388	1.0E-4
3389	1.0E-4
339	0.5406
3390	1.0E-4
3391	1.0E-4
3392	2.0E-4
3393	1.0E-4
3394	1.0E-4
3395	1.0E-4
3396	1.0E-4
3397	1.0E-4
3398	1.0E-4
3399	1.0E-4
34	1.4843
340	0.0042
3400	2.0E-4
3401	1.0E-4
3402	1.0E-4
3403	1.0E-4
3404	1.0E-4
3405	1.0E-4
3406	1.0E-4
3407	1.0E-4
3408	1.0E-4
3409	1.0E-4
341	0.0113
3410	1.0E-4
3411	1.0E-4
3412	1.0E-4
3413	1.0E-4
3414	1.0E-4
3415	1.0E-4
3416	1.0E-4
3417	1.0E-4
3418	1.0E-4
3419	1.0E-4
342	5.0E-4
3420	1.0E-4
3421	1.0E-4
3422	1.0E-4
3423	1.0E-4
3424	1.0E-4
3425	1.0E-4
3426	1.0E-4
3427	1.0E-4
3428	1.0E-4
3429	1.0E-4
343	5.0E-4
3430	1.0E-4
3431	1.0E-4
3432	1.0E-4
3433	1.0E-4
3434	1.0E-4
3435	1.0E-4
3436	1.0E-4
3437	1.0E-4
3438	1.0E-4
3439	1.0E-4
344	0.0168
3440	1.0E-4
3441	1.0E-4
3442	1.0E-4
3443	1.0E-4
3444	1.0E-4
3445	1.0E-4
3446	1.0E-4
3447	1.0E-4
3448	1.0E-4
3449	1.0E-4
345	3.0E-4
3450	1.0E-4
3451	1.0E-4
3452	1.0E-4
3453	1.0E-4
3454	1.0E-4
3455	1.0E-4
3456	1.0E-4
3457	1.0E-4
3458	1.0E-4
3459	1.0E-4
346	3.0E-4
3460	1.0E-4
3461	1.0E-4
3462	1.0E-4
3463	1.0E-4
3464	1.0E-4
3465	1.0E-4
3466	1.0E-4
3467	1.0E-4
3468	1.0E-4
3469	1.0E-4
347	3.0E-4
3470	1.0E-4
3471	1.0E-4
3472	1.0E-4
3473	1.0E-4
3474	1.0E-4
3475	1.0E-4
3476	1.0E-4
3477	1.0E-4
3478	1.0E-4
3479	1.0698
348	6.0E-4
3480	1.0698
3481	1.0698
3482	1.0698
3483	1.0698
3484	1.0698
3485	1.0698
3486	1.0698
3487	1.0698
3488	1.0698
3489	1.0E-4
349	3.0E-4
3490	1.0E-4
3491	1.0E-4
3492	1.0E-4
3493	1.0E-4
3494	1.0E-4
3495	1.0E-4
3496	1.0E-4
3497	1.0E-4
3498	1.0E-4
3499	1.0E-4
35	1.7071
350	4.0E-4
3500	1.0E-4
3501	1.0E-4
3502	1.0E-4
3503	1.0E-4
3504	1.0E-4
3505	1.0E-4
3506	1.0E-4
3507	1.0E-4
3508	1.0E-4
3509	1.0E-4
351	3.0E-4
3510	1.0E-4
3511	0.0068
3512	0.1682
3513	6.0E-4
3514	1.5154
3515	0.001
3516	0.001
3517	0.0011
3518	0.0011
3519	0.0011
352	3.0E-4
3520	2.0E-4
3521	1.0E-4
3522	2.0E-4
3523	1.0E-4
3524	1.0E-4
3525	1.0E-4
3526	1.0E-4
3527	1.0E-4
3528	1.0E-4
3529	1.0E-4
353	3.0E-4
3530	1.0E-4
3531	1.0E-4
3532	4.0E-4
3533	1.0E-4
3534	4.0E-4
3535	1.0E-4
3536	1.0E-4
3537	1.0E-4
3538	1.0E-4
3539	1.0E-4
354	3.0E-4
3540	1.0E-4
3541	1.0E-4
3542	1.0E-4
3543	1.0E-4
3544	1.0E-4
3545	1.0E-4
3546	1.0E-4
3547	1.0E-4
3548	1.0E-4
3549	1.0E-4
355	3.0E-4
3550	1.0E-4
3551	1.0E-4
3552	1.0E-4
3553	1.0E-4
3554	1.0E-4
3555	2.0E-4
3556	1.0E-4
3557	1.0E-4
3558	1.0E-4
3559	1.0E-4
356	1.6778
3560	1.0E-4
3561	1.0E-4
3562	1.0E-4
3563	1.0E-4
3564	4.0E-4
3565	4.0E-4
3566	4.0E-4
3567	4.0E-4
3568	4.0E-4
3569	4.0E-4
357	1.5286
3570	4.0E-4
3571	4.0E-4
3572	4.0E-4
3573	4.0E-4
3574	3.0E-4
3575	3.0E-4
3576	3.0E-4
3577	3.0E-4
3578	3.0E-4
3579	3.0E-4
358	0.3285
3580	3.0E-4
3581	3.0E-4
3582	3.0E-4
3583	0.0057
3584	0.8789
3585	1.0139
3586	1.3332
3587	1.0139
3588	0.0228
3589	0.0228
359	0.5014
3590	0.0332
3591	0.0405
3592	0.0405
3593	0.0405
3594	0.0509
3595	0.0509
3596	0.0509
3597	0.0323
3598	0.0509
3599	0.0509
36	3.8511
360	0.3285
3600	0.5549
3601	0.034
3602	0.2191
3603	0.0474
3604	0.0486
3605	0.1659
3606	0.1659
3607	0.0102
3608	0.0251
3609	0.0102
361	0.3285
3610	0.0251
3611	0.0154
3612	0.0154
3613	0.1579
3614	0.0251
3615	0.0846
3616	0.1107
3617	0.0207
3618	0.0207
3619	0.0207
362	1.0987
3620	0.0207
3621	0.0207
3622	0.0207
3623	0.0207
3624	0.0468
3625	0.0207
3626	0.0417
3627	0.0261
3628	0.0261
3629	0.0261
363	0.016
3630	0.0261
3631	0.0261
3632	0.0261
3633	0.0261
3634	0.0332
3635	0.0332
3636	0.0332
3637	0.0524
3638	0.0119
3639	0.0119
364	0.016
3640	0.0119
3641	0.0119
3642	0.0119
3643	2.1326
3644	2.1326
3645	1.9997
3646	1.9997
3647	1.9997
3648	1.9997
3649	0.0075
365	0.0269
3650	0.0075
3651	0.0075
3652	0.0075
3653	0.0075
3654	0.0075
3655	0.0075
3656	0.0075
3657	0.0075
3658	0.0075
3659	0.0218
366	0.016
3660	0.0105
3661	0.0105
3662	0.0105
3663	0.0105
3664	0.291
3665	1.0E-4
3666	1.0E-4
3667	1.0E-4
3668	1.0E-4
3669	1.0E-4
367	0.016
3670	1.0E-4
3671	1.0E-4
3672	1.0E-4
3673	1.0E-4
3674	1.0E-4
3675	1.0E-4
3676	1.0E-4
3677	1.0E-4
3678	1.0E-4
3679	1.0E-4
368	0.016
3680	1.0E-4
3681	1.0E-4
3682	1.0E-4
3683	1.0E-4
3684	1.0E-4
3685	1.0E-4
3686	1.0E-4
3687	1.0E-4
3688	1.0E-4
3689	1.0E-4
369	0.9991
3690	1.0E-4
3691	1.0E-4
3692	1.0E-4
3693	1.0E-4
3694	1.0E-4
3695	1.0E-4
3696	1.0E-4
3697	1.0E-4
3698	1.0E-4
3699	1.0E-4
37	18.051
370	4.0E-4
3700	2.0E-4
3701	4.0E-4
3702	0.1676
3703	4.0E-4
3704	0.0043
3705	0.0176
3706	0.0099
3707	0.0041
3708	0.0041
3709	0.0024
371	0.0015
3710	0.0021
3711	0.0041
3712	0.0021
3713	0.0033
3714	0.0033
3715	0.0033
3716	0.001
3717	0.001
3718	0.0014
3719	0.0013
372	3.0E-4
3720	0.0013
3721	6.0E-4
3722	6.0E-4
3723	4.0E-4
3724	4.0E-4
3725	4.0E-4
3726	0.0012
3727	0.0012
3728	0.0012
3729	4.22
373	3.0E-4
3730	4.0E-4
3731	4.0E-4
3732	4.0E-4
3733	0.0862
3734	0.3638
3735	0.0917
3736	0.0862
3737	0.0091
3738	0.0292
3739	0.0332
374	3.0E-4
3740	0.0735
3741	0.019
3742	3.709
3743	0.0091
3744	0.0091
3745	0.0091
3746	0.0091
3747	0.0091
3748	0.0027
3749	0.0039
375	3.0E-4
3750	0.0027
3751	0.0037
3752	0.0037
3753	0.0037
3754	0.0037
3755	0.0037
3756	0.0037
3757	0.0037
3758	0.0037
3759	0.0139
376	3.0E-4
3760	0.0139
3761	0.0139
3762	0.0809
3763	0.0809
3764	0.0809
3765	0.0809
3766	1.2576
3767	1.2576
3768	0.0066
3769	0.0066
377	4.0E-4
3770	0.0066
3771	0.0066
3772	0.0066
3773	1.4043
3774	1.4043
3775	1.4043
3776	1.4043
3777	0.0084
3778	0.0084
3779	0.0084
378	3.0E-4
3780	0.0084
3781	0.772
3782	1.0269
3783	0.772
3784	0.772
3785	0.772
3786	0.772
3787	0.0071
3788	0.0092
3789	1.0051
379	3.0E-4
3790	1.0051
3791	1.0051
3792	0.1985
3793	0.1985
3794	0.1985
3795	0.1985
3796	0.1985
3797	0.1985
3798	0.1985
3799	0.1985
38	16.6267
380	3.0E-4
3800	2.0E-4
3801	2.0E-4
3802	1.0E-4
3803	1.0E-4
3804	1.0E-4
3805	1.0E-4
3806	1.0E-4
3807	1.0E-4
3808	3.6365
3809	1.0E-4
381	3.0E-4
3810	2.0E-4
3811	2.0E-4
3812	2.0E-4
3813	1.0E-4
3814	1.0E-4
3815	1.0E-4
3816	1.0E-4
3817	1.0E-4
3818	1.0E-4
3819	1.0E-4
382	0.0196
3820	1.0E-4
3821	1.0E-4
3822	1.0E-4
3823	1.0E-4
3824	1.0E-4
3825	1.0E-4
3826	1.0E-4
3827	1.0E-4
3828	1.0E-4
3829	1.0E-4
383	0.0196
3830	1.0E-4
3831	1.0E-4
3832	1.0E-4
3833	2.0E-4
3834	10.5441
3835	5.0462
3836	1.9728
3837	0.8436
3838	0.5174
3839	0.421
384	0.0374
3840	0.3924
3841	0.384
3842	0.3816
3843	0.3809
3844	0.3808
3845	0.3807
3846	0.3807
3847	0.3807
3848	0.3807
3849	0.3807
385	0.0374
3850	0.3807
3851	0.3807
3852	0.3807
3853	0.3807
3854	0.3807
3855	0.3807
3856	0.3807
3857	0.3807
3858	0.3807
3859	0.3807
386	0.0374
3860	0.3807
3861	0.3807
3862	0.3807
3863	0.3807
3864	0.3808
3865	0.3809
3866	0.3815
3867	0.3835
3868	0.3911
3869	0.4199
387	0.0829
3870	0.5338
3871	1.0233
3872	2.7861
3873	8.043
3874	0.221
3875	8.1767
3876	3.9826
3877	1.6127
3878	0.7364
3879	0.4831
388	0.0222
3880	0.4082
3881	0.3859
3882	0.3794
3883	0.3775
3884	0.377
3885	0.3768
3886	0.3768
3887	0.3768
3888	0.3768
3889	0.3768
389	0.048
3890	0.3768
3891	0.3768
3892	0.3768
3893	0.3768
3894	0.3768
3895	0.3768
3896	0.3768
3897	0.3769
3898	0.3774
3899	0.3789
39	4.338
390	0.001
3900	0.3849
3901	0.4072
3902	0.4958
3903	0.8762
3904	2.2316
3905	6.2452
3906	0.2185
3907	2.6433
3908	1.4761
3909	0.7468
391	0.0175
3910	0.462
3911	0.3809
3912	0.3636
3913	0.3854
3914	0.5083
3915	0.9143
3916	2.0407
3917	0.1972
3918	5.809
3919	2.9163
392	8.0E-4
3920	1.2497
3921	0.6262
3922	0.4458
3923	0.3923
3924	0.3764
3925	0.3717
3926	0.3703
3927	0.3699
3928	0.3699
3929	0.3698
393	8.0E-4
3930	0.3699
3931	0.3699
3932	0.3703
3933	0.3714
3934	0.3757
3935	0.3916
3936	0.4549
3937	0.7261
3938	1.6745
3939	4.447
394	8.0E-4
3940	0.2142
3941	8.9659
3942	4.3373
3943	1.733
3944	0.7723
3945	0.4947
3946	0.4127
3947	0.3883
3948	0.3811
3949	0.3791
395	8.0E-4
3950	0.3785
3951	0.3784
3952	0.3783
3953	0.3783
3954	0.3783
3955	0.3783
3956	0.3783
3957	0.3783
3958	0.3783
3959	0.3783
396	0.001
3960	0.3783
3961	0.3783
3962	0.3783
3963	0.3783
3964	0.3783
3965	0.3783
3966	0.3785
3967	0.3789
3968	0.3807
3969	0.3872
397	8.0E-4
3970	0.4116
3971	0.5087
3972	0.9255
3973	2.4166
3974	6.8446
3975	0.2195
3976	4.4919
3977	2.3207
3978	1.0447
3979	0.5619
398	8.0E-4
3980	0.422
3981	0.3805
3982	0.3681
3983	0.3645
3984	0.3635
3985	0.3634
3986	0.3642
3987	0.3675
3988	0.3799
3989	0.429
399	0.0013
3990	0.6395
3991	1.3619
3992	3.4463
3993	0.2098
3994	7.3883
3995	3.628
3996	1.4924
3997	0.7002
3998	0.4712
3999	0.4034
4	0.0058
40	6.0391
400	8.0E-4
4000	0.3832
4001	0.3773
4002	0.3756
4003	0.3751
4004	0.375
4005	0.375
4006	0.375
4007	0.375
4008	0.375
4009	0.375
401	8.0E-4
4010	0.375
4011	0.375
4012	0.375
4013	0.3751
4014	0.3755
4015	0.377
4016	0.3823
4017	0.4025
4018	0.4827
4019	0.8267
402	8.0E-4
4020	2.0465
4021	5.6465
4022	0.2174
4023	13.9601
4024	6.5792
4025	2.4901
4026	0.9959
4027	0.5646
4028	0.4373
4029	0.3995
403	8.0E-4
4030	0.3884
4031	0.3852
4032	0.3844
4033	0.3841
4034	0.384
4035	0.384
4036	0.384
4037	0.384
4038	0.384
4039	0.384
404	0.001
4040	0.384
4041	0.384
4042	0.384
4043	0.384
4044	0.384
4045	0.384
4046	0.384
4047	0.384
4048	0.384
4049	0.384
405	8.0E-4
4050	0.384
4051	0.384
4052	0.384
4053	0.384
4054	0.384
4055	0.384
4056	0.384
4057	0.384
4058	0.384
4059	0.384
406	0.001
4060	0.384
4061	0.384
4062	0.384
4063	0.384
4064	0.384
4065	0.384
4066	0.3841
4067	0.3843
4068	0.385
4069	0.3877
407	8.0E-4
4070	0.3977
4071	0.4357
4072	0.5862
4073	1.2333
4074	3.5842
4075	10.6369
4076	0.2231
4077	6.5983
4078	3.2722
4079	1.3712
408	8.0E-4
4080	0.6635
4081	0.4587
4082	0.3981
4083	0.3801
4084	0.3748
4085	0.3733
4086	0.3728
4087	0.3727
4088	0.3727
4089	0.3726
409	0.0243
4090	0.3726
4091	0.3727
4092	0.3727
4093	0.3728
4094	0.3732
4095	0.3745
4096	0.3792
4097	0.3973
4098	0.469
4099	0.7766
41	4.2396
410	0.0243
4100	1.8606
4101	5.0465
4102	0.2159
4103	3.9645
4104	2.0812
4105	0.9614
4106	0.535
4107	0.4112
4108	0.3745
4109	0.3636
411	0.0243
4110	0.3606
4111	0.3604
4112	0.3631
4113	0.3741
4114	0.4175
4115	0.6036
4116	1.2357
4117	3.0455
4118	0.2074
4119	1.0E-4
412	0.0243
4120	1.0E-4
4121	6.0E-4
4122	0.0012
4123	0.0012
4124	1.0E-4
4125	1.0E-4
4126	1.0E-4
4127	1.0E-4
4128	1.0E-4
4129	1.0E-4
413	0.0243
4130	1.0E-4
4131	1.0E-4
4132	1.0E-4
4133	1.0E-4
4134	1.0E-4
4135	1.0E-4
4136	1.0E-4
4137	1.0E-4
4138	1.0E-4
4139	4.3644
414	0.0243
4140	2.2745
4141	1.0591
4142	0.6018
4143	0.4708
4144	0.4324
4145	0.4211
4146	0.418
4147	0.4179
4148	0.4207
4149	0.4323
415	0.0175
4150	0.479
4151	0.6813
4152	1.3736
4153	3.3745
4154	2.0E-4
4155	2.0E-4
4156	2.0E-4
4157	2.0E-4
4158	2.0E-4
4159	2.0E-4
416	0.109
4160	1.0E-4
4161	1.0E-4
4162	1.0E-4
4163	1.0E-4
4164	1.0E-4
4165	1.0E-4
4166	1.0E-4
4167	1.0E-4
4168	1.0E-4
4169	1.0E-4
417	4.0E-4
4170	1.0E-4
4171	1.0E-4
4172	1.0E-4
4173	1.0E-4
4174	1.0E-4
4175	1.0E-4
4176	1.0E-4
4177	1.0E-4
4178	1.0E-4
4179	1.0E-4
418	4.0E-4
4180	1.0E-4
4181	1.0E-4
4182	1.0E-4
4183	1.0E-4
4184	1.0E-4
4185	1.0E-4
4186	1.0E-4
4187	1.0E-4
4188	1.0E-4
4189	1.0E-4
419	4.0E-4
4190	1.0E-4
4191	1.0E-4
4192	1.0E-4
4193	1.0E-4
4194	1.0E-4
4195	1.0E-4
4196	1.0E-4
4197	1.0E-4
4198	1.0E-4
4199	1.0E-4
42	5.4588
420	4.0E-4
4200	1.0E-4
4201	1.0E-4
4202	1.0E-4
4203	1.0E-4
4204	1.0E-4
4205	1.0E-4
4206	1.0E-4
4207	1.0E-4
4208	1.0E-4
4209	1.0E-4
421	4.0E-4
4210	1.0E-4
4211	1.0E-4
4212	1.0E-4
4213	1.0E-4
4214	1.0E-4
4215	1.0E-4
4216	1.0E-4
4217	1.0E-4
4218	1.0E-4
4219	1.0E-4
422	4.0E-4
4220	1.0E-4
4221	1.0E-4
4222	1.0E-4
4223	1.0E-4
4224	1.0E-4
4225	1.0E-4
4226	1.0E-4
4227	1.0E-4
4228	1.0E-4
4229	1.0E-4
423	4.0E-4
4230	1.0E-4
4231	1.0E-4
4232	1.0E-4
4233	1.0E-4
4234	1.0E-4
4235	1.0E-4
4236	1.0E-4
4237	1.0E-4
4238	1.0E-4
4239	1.0E-4
424	4.0E-4
4240	1.0E-4
4241	1.0E-4
4242	1.0E-4
4243	1.0E-4
4244	1.0E-4
4245	1.0E-4
4246	1.0E-4
4247	1.0E-4
4248	1.0E-4
4249	1.0E-4
425	4.7119
4250	1.0E-4
4251	1.0E-4
4252	1.0E-4
4253	1.0E-4
4254	1.0E-4
4255	1.0E-4
4256	1.0E-4
4257	1.0E-4
4258	1.0E-4
4259	1.0E-4
426	0.3234
4260	1.0E-4
4261	1.0E-4
4262	1.0E-4
4263	1.0E-4
4264	1.0E-4
4265	1.0E-4
4266	1.0E-4
4267	1.0E-4
4268	1.0E-4
4269	1.0E-4
427	0.1976
4270	1.0E-4
4271	1.0E-4
4272	1.0E-4
4273	1.0E-4
4274	1.0E-4
4275	1.0E-4
4276	1.0E-4
4277	1.0E-4
4278	1.0E-4
4279	1.0E-4
428	0.0407
4280	1.0E-4
4281	1.0E-4
4282	1.0E-4
4283	1.0E-4
4284	1.0E-4
4285	1.0E-4
4286	1.0E-4
4287	1.0E-4
4288	1.0E-4
4289	1.0E-4
429	0.3319
4290	1.0E-4
4291	1.0E-4
4292	1.0E-4
4293	1.0E-4
4294	1.0E-4
4295	1.0E-4
4296	1.0E-4
4297	1.0E-4
4298	1.0E-4
4299	1.0E-4
43	13.6552
430	0.6665
4300	1.0E-4
4301	1.0E-4
4302	1.0E-4
4303	1.0E-4
4304	1.0E-4
4305	1.0E-4
4306	1.0E-4
4307	1.0E-4
4308	1.0E-4
4309	1.0E-4
431	0.0154
4310	1.0E-4
4311	1.0E-4
4312	1.0E-4
4313	1.0E-4
4314	1.0E-4
4315	1.0E-4
4316	1.0E-4
4317	1.0E-4
4318	1.0E-4
4319	1.0E-4
432	9.0E-4
4320	1.0E-4
4321	1.0E-4
4322	1.0E-4
4323	1.0E-4
4324	1.0E-4
4325	1.0E-4
4326	1.0E-4
4327	1.0E-4
4328	1.0E-4
4329	1.0E-4
433	0.0156
4330	1.0E-4
4331	1.0E-4
4332	1.0E-4
4333	1.0E-4
4334	1.0E-4
4335	1.0E-4
4336	1.0E-4
4337	1.0E-4
4338	1.0E-4
4339	1.0E-4
434	0.0156
4340	1.0E-4
4341	1.0E-4
4342	1.0E-4
4343	1.0E-4
4344	1.0E-4
4345	1.0E-4
4346	1.0E-4
4347	1.0E-4
4348	1.0E-4
4349	1.0E-4
435	0.0148
4350	1.0E-4
4351	1.0E-4
4352	1.0E-4
4353	1.0E-4
4354	1.0E-4
4355	1.0E-4
4356	1.0E-4
4357	1.0E-4
4358	1.0E-4
4359	1.0E-4
436	0.0148
4360	1.0E-4
4361	1.0E-4
4362	1.0E-4
4363	1.0E-4
4364	1.0E-4
4365	1.0E-4
4366	1.0E-4
4367	1.0E-4
4368	1.0E-4
4369	1.0E-4
437	0.0148
4370	1.0E-4
4371	1.0E-4
4372	1.0E-4
4373	1.0E-4
4374	1.0E-4
4375	1.0E-4
4376	1.0E-4
4377	1.0E-4
4378	1.0E-4
4379	1.0E-4
438	0.0148
4380	1.0E-4
4381	1.0E-4
4382	1.0E-4
4383	1.0E-4
4384	1.0E-4
4385	1.0E-4
4386	1.0E-4
4387	1.0E-4
4388	1.0E-4
4389	1.0E-4
439	0.0148
4390	1.0E-4
4391	1.0E-4
4392	1.0E-4
4393	1.0E-4
4394	1.0E-4
4395	1.0E-4
4396	1.0E-4
4397	1.0E-4
4398	1.0E-4
4399	1.0E-4
44	3.5572
440	0.0149
4400	1.0E-4
4401	1.0E-4
4402	1.0E-4
4403	1.0E-4
4404	1.0E-4
4405	1.0E-4
4406	1.0E-4
4407	1.0E-4
4408	1.0E-4
4409	1.0E-4
441	0.0017
4410	1.0E-4
4411	1.0E-4
4412	1.0E-4
4413	1.0E-4
4414	1.0E-4
4415	1.0E-4
4416	1.0E-4
4417	1.0E-4
4418	1.0E-4
4419	1.0E-4
442	0.0021
4420	1.0E-4
4421	1.0E-4
4422	1.0E-4
4423	1.0E-4
4424	1.0E-4
4425	1.0E-4
4426	1.0E-4
4427	1.0E-4
4428	1.0E-4
4429	1.0E-4
443	0.0021
4430	1.0E-4
4431	1.0E-4
4432	1.0E-4
4433	1.0E-4
4434	1.0E-4
4435	1.0E-4
4436	2.0E-4
4437	2.0E-4
4438	1.0E-4
4439	2.0E-4
444	0.0021
4440	2.0E-4
4441	2.0E-4
4442	2.0E-4
4443	1.0E-4
4444	1.0E-4
4445	1.0E-4
4446	1.0E-4
4447	2.0E-4
4448	2.0E-4
4449	2.0E-4
445	0.0215
4450	2.0E-4
4451	2.0E-4
4452	1.0E-4
4453	1.0E-4
4454	1.0E-4
4455	1.0E-4
4456	1.0E-4
4457	1.0E-4
4458	3.6365
4459	1.0E-4
446	0.0217
4460	2.0E-4
4461	2.0E-4
4462	2.0E-4
4463	1.0E-4
4464	1.0E-4
4465	1.0E-4
4466	1.0E-4
4467	1.0E-4
4468	1.0E-4
4469	1.0E-4
447	0.0215
4470	1.0E-4
4471	1.0E-4
4472	1.0E-4
4473	1.0E-4
4474	1.0E-4
4475	1.0E-4
4476	1.0E-4
4477	1.0E-4
4478	1.0E-4
4479	1.0E-4
448	0.0378
4480	1.0E-4
4481	1.0E-4
4482	1.0E-4
4483	2.0E-4
4484	0.2924
4485	1.5153
4486	1.0E-4
4487	1.0E-4
4488	1.0E-4
4489	1.0E-4
449	0.0226
4490	1.0E-4
4491	1.0E-4
4492	1.0E-4
4493	1.0E-4
4494	1.0E-4
4495	1.0E-4
4496	1.0E-4
4497	1.0E-4
4498	1.0E-4
4499	1.0E-4
45	1.8792
450	0.0155
4500	1.0E-4
4501	1.0E-4
4502	1.0E-4
4503	1.0E-4
4504	1.0E-4
4505	1.0E-4
4506	1.0E-4
4507	1.0E-4
4508	1.0E-4
4509	1.0E-4
451	0.0146
4510	1.0E-4
4511	1.0E-4
4512	1.0E-4
4513	1.0E-4
4514	1.0E-4
4515	1.0E-4
4516	1.0E-4
4517	1.0E-4
4518	1.0E-4
4519	1.0E-4
452	0.0114
4520	1.0E-4
4521	1.0E-4
4522	1.0E-4
4523	1.0E-4
4524	1.0E-4
4525	1.0E-4
4526	1.0E-4
4527	1.0E-4
4528	1.0E-4
4529	1.0E-4
453	0.0105
4530	1.0E-4
4531	1.0E-4
4532	1.0E-4
4533	1.0E-4
4534	1.0E-4
4535	1.0E-4
4536	1.0E-4
4537	1.0E-4
4538	1.0E-4
4539	1.0E-4
454	0.0105
4540	1.0E-4
4541	1.0E-4
4542	1.0E-4
4543	1.0E-4
4544	1.0E-4
4545	1.0E-4
4546	1.0E-4
4547	1.0E-4
4548	1.0E-4
4549	1.0E-4
455	0.0105
4550	1.0E-4
4551	1.0E-4
4552	1.0E-4
4553	1.0E-4
4554	1.0E-4
4555	1.0E-4
4556	1.0E-4
4557	1.0E-4
4558	1.0E-4
4559	1.0E-4
456	0.0105
4560	1.0E-4
4561	1.0E-4
4562	1.0E-4
4563	1.0E-4
4564	1.0E-4
4565	1.0E-4
4566	1.0E-4
4567	1.0E-4
4568	1.0E-4
4569	1.0E-4
457	0.0966
4570	1.0E-4
4571	1.0E-4
4572	1.0E-4
4573	1.0E-4
4574	1.0E-4
4575	1.0E-4
4576	1.0E-4
4577	1.0E-4
4578	1.0E-4
4579	1.0E-4
458	0.0966
4580	1.0E-4
4581	1.0E-4
4582	1.0E-4
4583	1.0E-4
4584	1.0E-4
4585	1.0E-4
4586	1.0E-4
4587	1.0E-4
4588	1.0E-4
4589	1.0E-4
459	0.0966
4590	1.0E-4
4591	1.0E-4
4592	1.0E-4
4593	1.0E-4
4594	1.0E-4
4595	1.0E-4
4596	1.0E-4
4597	1.0E-4
4598	1.0E-4
4599	1.0E-4
46	3.7903
460	0.0885
4600	1.0E-4
4601	1.0E-4
4602	1.0E-4
4603	1.0E-4
4604	1.0E-4
4605	1.0E-4
4606	1.0E-4
4607	1.0E-4
4608	1.0E-4
4609	1.0E-4
461	0.0966
4610	1.0E-4
4611	1.0E-4
4612	1.0E-4
4613	1.0E-4
4614	1.0E-4
4615	1.0E-4
4616	1.0E-4
4617	1.0E-4
4618	1.0E-4
4619	1.0E-4
462	0.0971
4620	1.0E-4
4621	1.0E-4
4622	1.0E-4
4623	1.0E-4
4624	1.0E-4
4625	1.0E-4
4626	1.0E-4
4627	1.0E-4
4628	1.0E-4
4629	1.0E-4
463	0.0971
4630	1.0E-4
4631	1.0E-4
4632	1.0E-4
4633	1.0E-4
4634	1.0E-4
4635	1.0E-4
4636	1.0E-4
4637	1.0E-4
4638	1.0E-4
4639	1.0E-4
464	0.0971
4640	1.0E-4
4641	1.0E-4
4642	1.0E-4
4643	1.0E-4
4644	1.0E-4
4645	1.0E-4
4646	1.0E-4
4647	1.0E-4
4648	1.0E-4
4649	1.0E-4
465	0.0966
4650	1.0E-4
4651	1.0E-4
4652	1.0E-4
4653	1.0E-4
4654	1.0E-4
4655	1.0E-4
4656	1.0E-4
4657	1.0E-4
4658	1.0E-4
4659	1.0E-4
466	0.0966
4660	1.0E-4
4661	1.0E-4
4662	1.0E-4
4663	1.0E-4
4664	1.0E-4
4665	1.0E-4
4666	1.0E-4
4667	1.0E-4
4668	1.0E-4
4669	1.0E-4
467	0.1053
4670	1.0E-4
4671	1.0E-4
4672	1.0E-4
4673	1.0E-4
4674	1.0E-4
4675	1.0E-4
4676	1.0E-4
4677	1.0E-4
4678	1.0E-4
4679	1.0E-4
468	0.1053
4680	1.0E-4
4681	1.0E-4
4682	1.0E-4
4683	1.0E-4
4684	1.0E-4
4685	1.0E-4
4686	1.0E-4
4687	1.0E-4
4688	1.0E-4
4689	1.0E-4
469	0.0318
4690	1.0E-4
4691	1.0E-4
4692	1.0E-4
4693	1.0E-4
4694	1.0E-4
4695	1.0E-4
4696	1.0E-4
4697	1.0E-4
4698	1.0E-4
4699	1.0E-4
47	0.9978
470	0.0287
4700	1.0E-4
4701	1.0E-4
4702	1.0E-4
4703	1.0E-4
4704	1.0E-4
4705	1.0E-4
4706	1.0E-4
4707	1.0E-4
4708	1.0E-4
4709	1.0E-4
471	0.0287
4710	1.0E-4
4711	1.0E-4
4712	1.0E-4
4713	1.0E-4
4714	1.0E-4
4715	1.0E-4
4716	1.0E-4
4717	1.0E-4
4718	1.0E-4
4719	1.0E-4
472	0.0287
4720	1.0E-4
4721	1.0E-4
4722	1.0E-4
4723	1.0E-4
4724	1.0E-4
4725	1.0E-4
4726	1.0E-4
4727	1.0E-4
4728	1.0E-4
4729	1.0E-4
473	0.0263
4730	1.0E-4
4731	1.0E-4
4732	1.0E-4
4733	1.0E-4
4734	1.0E-4
4735	1.0E-4
4736	1.0E-4
4737	1.0E-4
4738	1.0E-4
4739	1.0E-4
474	0.0257
4740	1.0E-4
4741	1.0E-4
4742	1.0E-4
4743	1.0E-4
4744	1.0E-4
4745	1.0E-4
4746	1.0E-4
4747	1.0E-4
4748	1.0E-4
4749	1.0E-4
475	0.0051
4750	1.0E-4
4751	1.0E-4
4752	1.0E-4
4753	1.0E-4
4754	1.0E-4
4755	1.0E-4
4756	1.0E-4
4757	1.0E-4
4758	1.0E-4
4759	1.0E-4
476	0.0048
4760	1.0E-4
4761	1.0E-4
4762	1.0E-4
4763	1.0E-4
4764	1.0E-4
4765	1.0E-4
4766	1.0E-4
4767	1.0E-4
4768	1.0E-4
4769	1.0E-4
477	0.0048
4770	1.0E-4
4771	1.0E-4
4772	1.0E-4
4773	2.0E-4
4774	0.1506
4775	0.135
4776	0.5451
4777	0.5451
4778	0.0952
4779	0.0952
478	0.0048
4780	0.0952
4781	0.0797
4782	0.0797
4783	0.0797
4784	0.0859
4785	0.1021
4786	0.1021
4787	0.1053
4788	0.1053
4789	0.0797
479	0.1144
4790	0.0875
4791	0.0797
4792	0.0875
4793	0.0018
4794	0.0017
4795	0.0017
4796	0.0017
4797	0.0017
4798	0.0017
4799	0.0185
48	2.2643
480	0.1649
4800	0.0017
4801	0.0041
4802	0.0062
4803	0.0062
4804	0.0062
4805	0.0546
4806	1.1835
4807	0.0273
4808	0.0273
4809	0.0546
481	0.1139
4810	2.7545
4811	0.0365
4812	0.1593
4813	0.0051
4814	0.0058
4815	0.2576
4816	0.0149
4817	0.0149
4818	0.0149
4819	1.1893
482	0.021
4820	0.0149
4821	0.0039
4822	0.0039
4823	0.0039
4824	0.0039
4825	0.0039
4826	0.0039
4827	0.0039
4828	0.019
4829	0.019
483	0.0204
4830	0.0083
4831	0.0055
4832	0.0055
4833	0.0365
4834	0.0365
4835	0.0365
4836	0.0365
4837	0.0365
4838	0.027
4839	0.0046
484	0.0204
4840	0.0188
4841	0.0188
4842	0.0188
4843	0.0064
4844	0.0159
4845	0.0032
4846	0.0032
4847	0.0032
4848	0.3536
4849	0.3536
485	0.0175
4850	0.3536
4851	0.2656
4852	0.2656
4853	0.2656
4854	0.0089
4855	0.0089
4856	0.0089
4857	0.0348
4858	0.0348
4859	0.0348
486	0.0162
4860	0.1045
4861	0.1046
4862	0.2914
4863	0.002
4864	0.002
4865	0.0052
4866	0.002
4867	0.0048
4868	0.0039
4869	0.0052
487	0.0162
4870	0.0052
4871	1.0E-4
4872	1.0E-4
4873	1.0E-4
4874	1.0E-4
4875	1.0E-4
4876	1.0E-4
4877	1.0E-4
4878	1.0E-4
4879	1.0E-4
488	0.0162
4880	1.0E-4
4881	1.0E-4
4882	1.0E-4
4883	1.0E-4
4884	1.0E-4
4885	1.0E-4
4886	1.0E-4
4887	1.0E-4
4888	1.0E-4
4889	1.0E-4
489	0.0162
4890	1.0E-4
4891	1.0E-4
4892	1.0E-4
4893	1.0E-4
4894	1.0E-4
4895	1.0E-4
4896	1.0E-4
4897	1.0E-4
4898	1.0E-4
4899	1.0E-4
49	0.9972
490	0.0162
4900	1.0E-4
4901	1.0E-4
4902	1.0E-4
4903	1.0E-4
4904	1.0E-4
4905	1.0E-4
4906	1.0E-4
4907	1.0E-4
4908	1.0E-4
4909	1.0E-4
491	0.0162
4910	1.0E-4
4911	1.0E-4
4912	1.0E-4
4913	1.0E-4
4914	1.0E-4
4915	1.0E-4
4916	1.0E-4
4917	1.0E-4
4918	1.0E-4
4919	1.0E-4
492	0.0256
4920	1.0E-4
4921	1.0E-4
4922	1.0E-4
4923	1.0E-4
4924	2.0E-4
4925	2.0E-4
4926	2.0E-4
4927	2.0E-4
4928	2.0E-4
4929	5.0E-4
493	0.0162
4930	0.6028
4931	0.6028
4932	0.6028
4933	0.6028
4934	0.6028
4935	0.6028
4936	0.6028
4937	0.013
4938	0.013
4939	0.013
494	3.0E-4
4940	0.013
4941	0.013
4942	0.013
4943	0.013
4944	0.013
4945	0.013
4946	0.013
4947	0.013
4948	0.013
4949	0.013
495	3.0E-4
4950	0.013
4951	0.013
4952	0.013
4953	0.013
4954	0.013
4955	0.013
4956	0.013
4957	0.013
4958	0.013
4959	0.013
496	0.0015
4960	0.013
4961	0.013
4962	0.013
4963	0.0185
4964	0.013
4965	0.013
4966	0.013
4967	0.013
4968	0.013
4969	0.013
497	3.0E-4
4970	0.013
4971	0.013
4972	0.0014
4973	0.0014
4974	0.0014
4975	0.0014
4976	0.0014
4977	0.0014
4978	0.0014
4979	0.0014
498	0.0031
4980	0.0014
4981	0.0014
4982	0.0014
4983	0.0014
4984	0.0014
4985	0.0014
4986	0.0014
4987	0.0014
4988	0.0014
4989	0.0014
499	0.0041
4990	0.0014
4991	0.0014
4992	0.0014
4993	0.0014
4994	0.0014
4995	0.0014
4996	0.0014
4997	0.0014
4998	0.0014
4999	0.0014
5	0.0058
50	0.9972
500	0.2603
5000	0.0014
5001	0.0119
5002	0.0119
5003	0.0119
5004	0.0119
5005	0.0119
5006	0.0119
5007	0.0119
5008	0.741
5009	0.741
501	0.253
5010	0.741
5011	0.741
5012	0.741
5013	0.0025
5014	0.0025
5015	0.0025
5016	0.0025
5017	0.0025
5018	0.0025
5019	0.0025
502	0.2488
5020	0.0025
5021	0.0025
5022	0.0025
5023	0.0025
5024	0.0025
5025	0.0025
5026	0.0025
5027	0.0025
5028	0.0025
5029	0.0025
503	0.1002
5030	0.0025
5031	0.0025
5032	0.0025
5033	0.0012
5034	0.0012
5035	0.5117
5036	1.0E-4
5037	1.0E-4
5038	1.0E-4
5039	1.0E-4
504	0.1002
5040	1.0E-4
5041	1.0E-4
5042	1.0E-4
5043	1.0E-4
5044	1.0E-4
5045	1.0E-4
5046	1.0E-4
5047	1.0E-4
5048	1.0E-4
5049	1.0E-4
505	0.2868
5050	1.0E-4
5051	4.3644
5052	2.2745
5053	1.0591
5054	0.6018
5055	0.4708
5056	0.4324
5057	0.4211
5058	0.418
5059	0.4179
506	0.0076
5060	0.4207
5061	0.4323
5062	0.479
5063	0.6813
5064	1.3736
5065	3.3745
5066	2.0E-4
5067	2.0E-4
5068	2.0E-4
5069	2.0E-4
507	0.0076
5070	2.0E-4
5071	2.0E-4
5072	7.8326
5073	5.5392
5074	2.3883
5075	0.8249
5076	0.341
5077	0.1925
5078	0.1473
5079	0.1338
508	0.0076
5080	0.1299
5081	0.1287
5082	0.1284
5083	0.1284
5084	0.1283
5085	0.1283
5086	0.1283
5087	0.1283
5088	0.1283
5089	0.1283
509	0.0076
5090	0.1283
5091	0.1283
5092	0.1283
5093	0.1283
5094	0.1283
5095	0.1283
5096	0.1283
5097	0.1283
5098	0.1283
5099	0.1283
51	0.0
510	0.0076
5100	0.1283
5101	0.1284
5102	0.1284
5103	0.1286
5104	0.1295
5105	0.1326
5106	0.1431
5107	0.178
5108	0.2886
5109	0.6212
511	0.0076
5110	1.5129
5111	2.3944
5112	6.0574
5113	4.3115
5114	1.8799
5115	0.668
5116	0.2926
5117	0.1772
5118	0.142
5119	0.1315
512	0.0076
5120	0.1284
5121	0.1275
5122	0.1273
5123	0.1272
5124	0.1272
5125	0.1272
5126	0.1272
5127	0.1272
5128	0.1272
5129	0.1272
513	0.0076
5130	0.1272
5131	0.1272
5132	0.1272
5133	0.1273
5134	0.1274
5135	0.1281
5136	0.1305
5137	0.1388
5138	0.1658
5139	0.2517
514	0.0076
5140	0.5094
5141	1.1988
5142	1.8668
5143	1.9142
5144	1.4393
5145	0.6857
5146	0.2957
5147	0.1762
5148	0.1472
5149	0.1635
515	0.0076
5150	0.2428
5151	0.4588
5152	0.6315
5153	4.2828
5154	3.0834
5155	1.3707
5156	0.5103
5157	0.2432
5158	0.161
5159	0.1359
516	0.0076
5160	0.1283
5161	0.1261
5162	0.1255
5163	0.1254
5164	0.1253
5165	0.1254
5166	0.1255
5167	0.126
5168	0.1277
5169	0.1336
517	0.0076
5170	0.1529
5171	0.214
5172	0.3969
5173	0.8839
5174	1.3388
5175	6.6491
5176	4.7208
5177	2.0494
5178	0.7204
5179	0.3088
518	0.0076
5180	0.1823
5181	0.1439
5182	0.1323
5183	0.1289
5184	0.128
5185	0.1278
5186	0.1277
5187	0.1277
5188	0.1277
5189	0.1277
519	0.1167
5190	0.1277
5191	0.1277
5192	0.1277
5193	0.1277
5194	0.1277
5195	0.1277
5196	0.1277
5197	0.1277
5198	0.1277
5199	0.1277
52	15.6283
520	0.1167
5200	0.1279
5201	0.1286
5202	0.1313
5203	0.1403
5204	0.1699
5205	0.2641
5206	0.5468
5207	1.3036
5208	2.0427
5209	3.2963
521	0.0853
5210	2.3998
5211	1.0867
5212	0.4218
5213	0.2149
5214	0.1511
5215	0.1316
5216	0.1258
5217	0.1242
5218	0.1241
5219	0.1253
522	0.0897
5220	0.1298
5221	0.1448
5222	0.1921
5223	0.3334
5224	0.708
5225	1.0449
5226	5.4664
5227	3.9027
5228	1.7105
5229	0.6157
523	0.2737
5230	0.2763
5231	0.1719
5232	0.1402
5233	0.1306
5234	0.1278
5235	0.127
5236	0.1268
5237	0.1267
5238	0.1267
5239	0.1267
524	0.0897
5240	0.1267
5241	0.1267
5242	0.1267
5243	0.1267
5244	0.1268
5245	0.1269
5246	0.1276
5247	0.1298
5248	0.1372
5249	0.1617
525	0.0897
5250	0.2393
5251	0.472
5252	1.0941
5253	1.691
5254	10.3943
5255	7.3104
5256	3.1215
5257	1.0507
5258	0.4104
5259	0.214
526	2.7611
5260	0.1543
5261	0.1364
5262	0.1312
5263	0.1298
5264	0.1294
5265	0.1293
5266	0.1292
5267	0.1292
5268	0.1292
5269	0.1292
527	0.0711
5270	0.1292
5271	0.1292
5272	0.1292
5273	0.1292
5274	0.1292
5275	0.1292
5276	0.1292
5277	0.1292
5278	0.1292
5279	0.1292
528	0.0689
5280	0.1292
5281	0.1292
5282	0.1292
5283	0.1292
5284	0.1292
5285	0.1292
5286	0.1292
5287	0.1292
5288	0.1292
5289	0.1292
529	0.064
5290	0.1292
5291	0.1292
5292	0.1292
5293	0.1292
5294	0.1292
5295	0.1292
5296	0.1293
5297	0.1293
5298	0.1296
5299	0.1308
53	0.4417
530	0.064
5300	0.1349
5301	0.1488
5302	0.1948
5303	0.3412
5304	0.7818
5305	1.9657
5306	3.1556
5307	4.8744
5308	3.4929
5309	1.5406
531	4.0E-4
5310	0.563
5311	0.2598
5312	0.1665
5313	0.1381
5314	0.1296
5315	0.1271
5316	0.1264
5317	0.1262
5318	0.1261
5319	0.1261
532	0.0062
5320	0.1261
5321	0.1261
5322	0.1261
5323	0.1263
5324	0.1269
5325	0.1288
5326	0.1354
5327	0.1573
5328	0.2267
5329	0.4345
533	4.0E-4
5330	0.9891
5331	1.5149
5332	2.9016
5333	2.126
5334	0.9726
5335	0.386
5336	0.2033
5337	0.1469
5338	0.1297
5339	0.1249
534	4.0E-4
5340	0.1245
5341	0.1282
5342	0.1413
5343	0.1831
5344	0.3076
5345	0.6373
5346	0.9271
5347	3.1527
5348	2.293
5349	1.0455
535	4.0E-4
5350	0.4178
5351	0.2243
5352	0.1651
5353	0.1472
5354	0.1422
5355	0.1419
5356	0.1457
5357	0.1596
5358	0.2043
5359	0.3388
536	1.4134
5360	0.6982
5361	1.0178
5362	1.0E-4
5363	1.0E-4
5364	1.0E-4
5365	1.0E-4
5366	1.0E-4
5367	1.0E-4
5368	1.0E-4
5369	1.0E-4
537	1.4134
5370	1.0E-4
5371	1.0E-4
5372	1.0E-4
5373	1.0E-4
5374	1.0E-4
5375	1.0E-4
5376	1.0E-4
5377	2.0E-4
5378	2.0E-4
5379	2.0E-4
538	1.4135
5380	2.0E-4
5381	2.0E-4
5382	1.0E-4
5383	1.0E-4
5384	1.0E-4
5385	1.0E-4
5386	1.0E-4
5387	1.0E-4
5388	1.0E-4
5389	1.0E-4
539	1.4443
5390	1.0E-4
5391	1.0E-4
5392	1.0E-4
5393	1.0E-4
5394	1.0E-4
5395	1.0E-4
5396	1.0E-4
5397	4.3644
5398	2.2745
5399	1.0591
54	0.4235
540	1.4134
5400	0.6018
5401	0.4708
5402	0.4324
5403	0.4211
5404	0.418
5405	0.4179
5406	0.4207
5407	0.4323
5408	0.479
5409	0.6813
541	1.4443
5410	1.3736
5411	3.3745
5412	2.0E-4
5413	2.0E-4
5414	2.0E-4
5415	2.0E-4
5416	2.0E-4
5417	2.0E-4
5418	0.035
5419	0.035
542	1.4134
5420	0.035
5421	2.0E-4
5422	0.0733
5423	0.0733
5424	0.0342
5425	0.0342
5426	0.0095
5427	0.0095
5428	0.0095
5429	4.0E-4
543	1.4132
5430	4.0E-4
5431	4.0E-4
5432	4.0E-4
5433	4.0E-4
5434	4.0E-4
5435	0.0244
5436	0.001
5437	0.001
5438	0.0019
5439	5.0E-4
544	1.4134
5440	5.0E-4
5441	5.0E-4
5442	0.0085
5443	0.0085
5444	6.0E-4
5445	6.0E-4
5446	6.0E-4
5447	0.0294
5448	0.0294
5449	1.154
545	1.4584
5450	1.154
5451	1.154
5452	1.154
5453	1.3537
5454	1.2137
5455	1.0391
5456	4.4751
5457	0.6897
5458	0.6897
5459	0.0392
546	1.4134
5460	0.0156
5461	0.0156
5462	0.0156
5463	0.0156
5464	0.0028
5465	0.0028
5466	0.0021
5467	0.0021
5468	1.4886
5469	0.016
547	0.1396
5470	1.1821
5471	0.016
5472	5.0E-4
5473	5.0E-4
5474	5.0E-4
5475	5.0E-4
5476	5.0E-4
5477	5.0E-4
5478	5.0E-4
5479	5.0E-4
548	0.0839
5480	0.0014
5481	0.0014
5482	0.0014
5483	0.0707
5484	0.0204
5485	0.0044
5486	0.0015
5487	0.0015
5488	0.0015
5489	0.0015
549	0.0188
5490	0.0037
5491	0.0036
5492	0.0037
5493	0.0037
5494	0.004
5495	0.0037
5496	0.0037
5497	0.009
5498	0.005
5499	0.005
55	0.4207
550	0.1841
5500	0.005
5501	0.005
5502	0.0108
5503	0.0377
5504	0.0377
5505	0.0377
5506	0.0349
5507	0.0349
5508	0.0349
5509	0.0028
551	0.195
5510	0.0016
5511	0.0015
5512	0.0019
5513	2.0E-4
5514	1.0E-4
5515	1.0E-4
5516	1.0E-4
5517	1.0E-4
5518	1.0E-4
5519	1.0E-4
552	0.1841
5520	1.0E-4
5521	2.0E-4
5522	2.0E-4
5523	3.1526
5524	2.293
5525	1.0455
5526	0.4178
5527	0.2243
5528	0.1651
5529	0.1472
553	0.1935
5530	0.1422
5531	0.1419
5532	0.1457
5533	0.1596
5534	0.2043
5535	0.3388
5536	0.6982
5537	1.0178
5538	1.0E-4
5539	1.0E-4
554	0.2016
5540	1.0E-4
5541	1.0E-4
5542	1.0E-4
5543	1.0E-4
5544	1.0E-4
5545	1.0E-4
5546	1.0E-4
5547	1.0E-4
5548	1.0E-4
5549	1.0E-4
555	0.2024
5550	1.0E-4
5551	1.0E-4
5552	1.0E-4
5553	1.0E-4
5554	1.0E-4
5555	1.0E-4
5556	1.0E-4
5557	1.0E-4
5558	1.0E-4
5559	1.0E-4
556	0.2024
5560	1.0E-4
5561	1.0E-4
5562	1.0E-4
5563	1.0E-4
5564	1.0E-4
5565	1.0E-4
5566	1.0E-4
5567	1.0E-4
5568	1.0E-4
5569	1.0E-4
557	0.4266
5570	1.0E-4
5571	1.0E-4
5572	1.0E-4
5573	1.0E-4
5574	1.0E-4
5575	1.0E-4
5576	1.0E-4
5577	1.0E-4
5578	1.0E-4
5579	1.0E-4
558	0.1328
5580	1.0E-4
5581	1.0E-4
5582	1.0E-4
5583	1.0E-4
5584	1.0E-4
5585	1.0E-4
5586	1.0E-4
5587	1.0E-4
5588	1.0E-4
5589	1.0E-4
559	0.1328
5590	1.0E-4
5591	1.0E-4
5592	1.0E-4
5593	1.0E-4
5594	1.0E-4
5595	1.0E-4
5596	1.0E-4
5597	1.0E-4
5598	1.0E-4
5599	1.0E-4
56	0.3914
560	0.1328
5600	1.0E-4
5601	1.0E-4
5602	1.0E-4
5603	1.0E-4
5604	1.0E-4
5605	1.0E-4
5606	1.0E-4
5607	1.0E-4
5608	1.0E-4
5609	1.0E-4
561	0.1262
5610	1.0E-4
5611	1.0E-4
5612	1.0E-4
5613	1.0E-4
5614	1.0E-4
5615	1.0E-4
5616	1.0E-4
5617	1.0E-4
5618	1.0E-4
5619	1.0E-4
562	0.1262
5620	1.0E-4
5621	1.0E-4
5622	1.0E-4
5623	1.0E-4
5624	1.0E-4
5625	1.0E-4
5626	1.0E-4
5627	1.0E-4
5628	1.0E-4
5629	1.0E-4
563	0.1262
5630	1.0E-4
5631	1.0E-4
5632	1.0E-4
5633	1.0E-4
5634	1.0E-4
5635	1.0E-4
5636	1.0E-4
5637	1.0E-4
5638	1.0E-4
5639	1.0E-4
564	0.1262
5640	1.0E-4
5641	1.0E-4
5642	1.0E-4
5643	1.0E-4
5644	1.0E-4
5645	1.0E-4
5646	1.0E-4
5647	1.0E-4
5648	1.0E-4
5649	1.0E-4
565	0.1329
5650	1.0E-4
5651	1.0E-4
5652	1.0E-4
5653	1.0E-4
5654	1.0E-4
5655	1.0E-4
5656	1.0E-4
5657	1.0E-4
5658	1.0E-4
5659	1.0E-4
566	0.0031
5660	1.0E-4
5661	1.0E-4
5662	1.0E-4
5663	1.0E-4
5664	1.0E-4
5665	1.0E-4
5666	1.0E-4
5667	1.0E-4
5668	1.0E-4
5669	1.0E-4
567	0.0032
5670	1.0E-4
5671	1.0E-4
5672	1.0E-4
5673	1.0E-4
5674	1.0E-4
5675	1.0E-4
5676	1.0E-4
5677	1.0E-4
5678	1.0E-4
5679	1.0E-4
568	0.0032
5680	1.0E-4
5681	1.0E-4
5682	1.0E-4
5683	1.0E-4
5684	1.0E-4
5685	1.0E-4
5686	1.0E-4
5687	1.0E-4
5688	1.0E-4
5689	1.0E-4
569	0.007
5690	1.0E-4
5691	1.0E-4
5692	1.0E-4
5693	1.0E-4
5694	1.0E-4
5695	1.0E-4
5696	1.0E-4
5697	1.0E-4
5698	1.0E-4
5699	1.0E-4
57	0.3815
570	0.0032
5700	1.0E-4
5701	1.0E-4
5702	1.0E-4
5703	1.0E-4
5704	1.0E-4
5705	1.0E-4
5706	1.0E-4
5707	1.0E-4
5708	1.0E-4
5709	1.0E-4
571	0.0031
5710	1.0E-4
5711	1.0E-4
5712	1.0E-4
5713	1.0E-4
5714	1.0E-4
5715	1.0E-4
5716	1.0E-4
5717	1.0E-4
5718	1.0E-4
5719	1.0E-4
572	0.0031
5720	1.0E-4
5721	1.0E-4
5722	1.0E-4
5723	1.0E-4
5724	1.0E-4
5725	1.0E-4
5726	1.0E-4
5727	1.0E-4
5728	1.0E-4
5729	1.0E-4
573	0.0031
5730	1.0E-4
5731	1.0E-4
5732	1.0E-4
5733	1.0E-4
5734	1.0E-4
5735	1.0E-4
5736	1.0E-4
5737	1.0E-4
5738	1.0E-4
5739	1.0E-4
574	0.0031
5740	1.0E-4
5741	1.0E-4
5742	1.0E-4
5743	1.0E-4
5744	1.0E-4
5745	1.0E-4
5746	1.0E-4
5747	1.0E-4
5748	1.0E-4
5749	1.0E-4
575	0.0031
5750	1.0E-4
5751	1.0E-4
5752	1.0E-4
5753	1.0E-4
5754	1.0E-4
5755	1.0E-4
5756	1.0E-4
5757	1.0E-4
5758	1.0E-4
5759	1.0E-4
576	0.0031
5760	1.0E-4
5761	1.0E-4
5762	1.0E-4
5763	1.0E-4
5764	1.0E-4
5765	1.0E-4
5766	1.0E-4
5767	1.0E-4
5768	1.0E-4
5769	1.0E-4
577	0.0031
5770	1.0E-4
5771	1.0E-4
5772	1.0E-4
5773	1.0E-4
5774	1.0E-4
5775	1.0E-4
5776	1.0E-4
5777	1.0E-4
5778	1.0E-4
5779	1.0E-4
578	1.2466
5780	1.0E-4
5781	1.0E-4
5782	1.0E-4
5783	1.0E-4
5784	1.0E-4
5785	3.1526
5786	2.293
5787	1.0455
5788	0.4178
5789	0.2243
579	0.1824
5790	0.1651
5791	0.1472
5792	0.1422
5793	0.1419
5794	0.1457
5795	0.1596
5796	0.2043
5797	0.3388
5798	0.6982
5799	1.0178
58	0.4217
580	0.1824
5800	1.0E-4
5801	1.0E-4
5802	1.0E-4
5803	1.0E-4
5804	1.0E-4
5805	1.0E-4
5806	1.0E-4
5807	1.0E-4
5808	1.0E-4
5809	1.0E-4
581	0.1921
5810	1.0E-4
5811	1.0E-4
5812	1.0E-4
5813	1.0E-4
5814	1.0E-4
5815	0.0122
5816	0.0122
5817	1.0E-4
5818	0.002
5819	0.004
582	0.0038
5820	0.7024
5821	0.7024
5822	0.14
5823	1.4758
5824	0.1442
5825	0.6964
5826	0.6355
5827	0.6355
5828	0.9511
5829	0.6355
583	0.0038
5830	0.6355
5831	0.6355
5832	0.691
5833	0.691
5834	0.042
5835	0.2272
5836	0.2272
5837	0.2272
5838	0.2272
5839	0.2272
584	0.0032
5840	0.2272
5841	0.2272
5842	0.0418
5843	0.0418
5844	0.0023
5845	5.0E-4
5846	5.0E-4
5847	5.0E-4
5848	5.0E-4
5849	5.0E-4
585	0.0039
5850	5.0E-4
5851	5.0E-4
5852	5.0E-4
5853	5.0E-4
5854	5.0E-4
5855	5.0E-4
5856	5.0E-4
5857	5.0E-4
5858	5.0E-4
5859	5.0E-4
586	0.0038
5860	5.0E-4
5861	5.0E-4
5862	5.0E-4
5863	5.0E-4
5864	5.0E-4
5865	5.0E-4
5866	5.0E-4
5867	0.0133
5868	0.0015
5869	0.0015
587	0.0042
5870	0.0015
5871	0.0015
5872	0.0015
5873	0.0015
5874	0.0015
5875	0.0034
5876	0.0015
5877	1.0514
5878	0.0015
5879	0.0015
588	0.0032
5880	0.0015
5881	0.0015
5882	0.0015
5883	0.0015
5884	0.0015
5885	0.0015
5886	0.0015
5887	0.0015
5888	0.0015
5889	0.0015
589	0.0044
5890	0.0015
5891	0.0015
5892	1.0E-4
5893	2.0E-4
5894	1.0E-4
5895	1.0E-4
5896	1.0E-4
5897	1.0E-4
5898	1.0E-4
5899	1.0E-4
59	0.4186
590	0.0044
5900	1.0E-4
5901	1.0E-4
5902	1.0E-4
5903	1.0E-4
5904	1.0E-4
5905	1.0E-4
5906	1.0E-4
5907	1.0E-4
5908	1.0E-4
5909	1.0E-4
591	0.0044
5910	1.0E-4
5911	1.0E-4
5912	1.0E-4
5913	1.0E-4
5914	1.0E-4
5915	1.0E-4
5916	1.0E-4
5917	1.0E-4
5918	1.0E-4
5919	1.0E-4
592	0.0044
5920	0.0022
5921	0.0028
5922	0.0911
5923	0.0911
5924	0.0911
5925	0.0911
5926	0.0911
5927	0.0911
5928	0.0911
5929	0.0911
593	6.237
5930	1.3565
5931	1.3565
5932	1.3565
5933	1.3565
5934	1.3565
5935	1.3565
5936	0.0791
5937	0.0748
5938	0.3494
5939	0.045
594	0.0045
5940	1.0E-4
5941	1.0E-4
5942	1.0E-4
5943	1.0E-4
5944	1.0E-4
5945	1.0E-4
5946	1.0E-4
5947	1.0E-4
5948	2.0E-4
5949	1.0E-4
595	0.0031
5950	1.0E-4
5951	0.0171
5952	9.0E-4
5953	0.001
5954	0.0017
5955	0.3842
5956	1.0506
5957	0.0017
5958	1.0E-4
5959	1.0E-4
596	0.0031
5960	1.0E-4
5961	1.0E-4
5962	1.0E-4
5963	1.0E-4
5964	1.0E-4
5965	1.0E-4
5966	1.0E-4
5967	1.0E-4
5968	1.0E-4
5969	1.0E-4
597	0.0031
5970	1.0E-4
5971	1.0E-4
5972	1.0E-4
5973	1.0E-4
5974	0.0023
5975	0.0118
5976	0.0454
5977	0.0454
5978	0.0043
5979	0.0043
598	0.0278
5980	0.0043
5981	0.0043
5982	0.0043
5983	0.0043
5984	0.0043
5985	0.0043
5986	0.0043
5987	0.0043
5988	0.0043
5989	0.0043
599	0.014
5990	0.0043
5991	0.0043
5992	0.048
5993	1.0E-4
5994	1.0E-4
5995	1.0E-4
5996	2.0E-4
5997	2.0E-4
5998	2.0E-4
5999	2.0E-4
6	0.0058
60	0.3918
600	0.0028
6000	2.0E-4
6001	6.0E-4
6002	6.0E-4
6003	8.0E-4
6004	0.3817
6005	0.4341
6006	2.0E-4
6007	2.0E-4
6008	2.0E-4
6009	2.0E-4
601	0.0028
6010	2.0E-4
6011	2.0E-4
6012	0.164
602	0.0028
603	0.0028
604	0.0028
605	0.0028
606	0.0028
607	0.0028
608	0.0028
609	0.0028
61	16.3963
610	0.0028
611	0.0412
612	0.0606
613	0.0173
614	0.1548
615	0.015
616	0.0161
617	0.0195
618	0.0195
619	0.0195
62	0.0645
620	0.0491
621	0.1454
622	0.0149
623	0.0148
624	0.0146
625	0.0523
626	0.0523
627	0.0346
628	0.0055
629	0.0055
63	0.3679
630	0.1696
631	0.0248
632	1.0E-4
633	1.0E-4
634	1.0E-4
635	1.0E-4
636	1.0E-4
637	1.0E-4
638	1.0E-4
639	1.0E-4
64	0.2791
640	1.0E-4
641	1.0E-4
642	1.0E-4
643	1.0E-4
644	1.0E-4
645	1.0E-4
646	1.0E-4
647	1.0E-4
648	0.0064
649	0.0064
65	0.3071
650	0.0064
651	0.0064
652	0.0064
653	0.0064
654	0.0064
655	0.0064
656	0.0065
657	0.0064
658	1.0E-4
659	1.0E-4
66	0.2798
660	1.0E-4
661	1.0E-4
662	1.0E-4
663	1.0E-4
664	1.0E-4
665	1.0E-4
666	1.0E-4
667	0.0098
668	0.0075
669	0.0247
67	0.2725
670	0.0246
671	0.0219
672	0.0219
673	0.0226
674	0.0281
675	0.02
676	0.02
677	0.0204
678	0.0261
679	1.0E-4
68	0.3696
680	1.0E-4
681	1.0E-4
682	1.0E-4
683	1.0E-4
684	1.0E-4
685	1.0E-4
686	0.02
687	0.022
688	0.022
689	0.022
69	0.3889
690	1.0E-4
691	1.0E-4
692	1.0E-4
693	1.0E-4
694	1.0E-4
695	1.0E-4
696	1.0E-4
697	1.0E-4
698	1.0E-4
699	1.0E-4
7	0.0797
70	0.2993
700	1.0E-4
701	1.0E-4
702	1.0E-4
703	1.0E-4
704	1.0E-4
705	1.0E-4
706	1.0E-4
707	1.0E-4
708	1.0E-4
709	0.0182
71	0.4142
710	5.0E-4
711	3.0E-4
712	5.0E-4
713	3.0E-4
714	3.0E-4
715	3.0E-4
716	3.0E-4
717	3.0E-4
718	3.0E-4
719	3.0E-4
72	0.5232
720	3.0E-4
721	3.0E-4
722	0.0011
723	3.0E-4
724	0.0011
725	3.0E-4
726	3.0E-4
727	3.0E-4
728	3.0E-4
729	3.0E-4
73	6.3816
730	3.0E-4
731	3.0E-4
732	3.0E-4
733	3.0E-4
734	3.0E-4
735	3.0E-4
736	3.0E-4
737	3.0E-4
738	3.0E-4
739	3.0E-4
74	2.2356
740	3.0E-4
741	3.0E-4
742	3.0E-4
743	3.0E-4
744	3.0E-4
745	5.0E-4
746	3.0E-4
747	3.0E-4
748	3.0E-4
749	3.0E-4
75	1.1939
750	3.0E-4
751	0.0299
752	3.0E-4
753	3.0E-4
754	3.0E-4
755	0.0156
756	0.0156
757	0.0156
758	0.0156
759	0.0156
76	1.3742
760	0.0156
761	0.0156
762	0.0156
763	0.008
764	0.008
765	0.0081
766	0.0088
767	0.0085
768	0.0062
769	0.008
77	0.3963
770	0.008
771	1.0E-4
772	0.0076
773	0.0076
774	0.0072
775	0.0077
776	0.0077
777	0.0072
778	0.0051
779	0.0051
78	1.3864
780	0.0076
781	0.0076
782	4.0E-4
783	0.0061
784	0.0077
785	0.0077
786	0.0077
787	0.0077
788	0.0072
789	0.0072
79	0.9305
790	0.0072
791	0.0077
792	0.0077
793	0.0077
794	0.0077
795	0.0077
796	0.0072
797	0.0072
798	0.0072
799	0.0072
8	0.0096
80	5.4856
800	0.0061
801	0.038
802	0.0574
803	0.0549
804	0.0535
805	0.0535
806	0.0535
807	0.0535
808	0.0632
809	0.0632
81	7.8778
810	0.0488
811	0.0489
812	0.0488
813	0.0488
814	0.0488
815	0.0488
816	0.0509
817	0.0492
818	0.0634
819	0.0631
82	3.1879
820	0.0631
821	0.0631
822	4.8146
823	0.9304
824	0.1074
825	0.0799
826	0.2189
827	0.1881
828	2.8372
829	0.0178
83	2.33
830	0.0521
831	0.0176
832	0.0176
833	0.0176
834	0.0176
835	0.0176
836	0.0012
837	0.0851
838	0.0511
839	0.0698
84	2.9104
840	0.0915
841	0.0542
842	0.0675
843	0.0424
844	0.0424
845	0.0424
846	0.0424
847	0.0424
848	0.0424
849	0.0424
85	0.0569
850	0.0424
851	0.0424
852	0.0424
853	0.0424
854	0.0424
855	0.0424
856	0.0424
857	0.0424
858	0.0424
859	0.0424
86	0.0456
860	0.0424
861	0.0424
862	0.0424
863	0.0424
864	0.0424
865	0.0424
866	0.0424
867	0.0424
868	0.0424
869	0.0524
87	0.0542
870	0.0097
871	0.0097
872	0.0134
873	0.0246
874	0.0217
875	0.0105
876	0.0315
877	0.0311
878	0.0311
879	0.0265
88	0.0569
880	0.2612
881	0.0244
882	0.0244
883	0.0244
884	0.0244
885	0.0244
886	0.0244
887	0.0395
888	0.0244
889	6.0E-4
89	0.0467
890	8.0E-4
891	6.0E-4
892	0.3785
893	0.5795
894	0.3785
895	0.3785
896	0.001
897	0.001
898	0.001
899	0.001
9	0.0059
90	0.0601
900	2.0E-4
901	2.0E-4
902	2.0E-4
903	2.0E-4
904	2.0E-4
905	2.0E-4
906	2.0E-4
907	2.0E-4
908	2.0E-4
909	2.0E-4
91	0.0601
910	2.0E-4
911	2.0E-4
912	2.0E-4
913	2.0E-4
914	2.0E-4
915	2.0E-4
916	2.0E-4
917	2.0E-4
918	0.0045
919	2.0E-4
92	0.0747
920	0.0045
921	2.0E-4
922	2.0E-4
923	4.0E-4
924	2.0E-4
925	2.0E-4
926	2.0E-4
927	2.0E-4
928	2.0E-4
929	2.0E-4
93	0.0496
930	2.0E-4
931	5.0E-4
932	2.0E-4
933	2.0E-4
934	2.0E-4
935	2.0E-4
936	3.0E-4
937	2.0E-4
938	9.0E-4
939	3.0E-4
94	3.0E-4
940	3.0E-4
941	3.0E-4
942	3.0E-4
943	0.0874
944	0.0874
945	0.0216
946	0.0218
947	0.0078
948	0.0078
949	0.0072
95	3.0E-4
950	0.0077
951	0.0078
952	0.0079
953	0.0088
954	0.0088
955	0.0088
956	0.009
957	0.0162
958	0.0105
959	0.0105
96	3.0E-4
960	0.0104
961	0.0105
962	0.0105
963	0.0113
964	0.0104
965	0.0104
966	0.0104
967	0.0104
968	0.014
969	0.014
97	3.0E-4
970	0.1919
971	0.0104
972	0.0117
973	0.0117
974	0.0117
975	0.0117
976	0.0117
977	0.0117
978	0.0117
979	0.0206
98	3.0E-4
980	0.0094
981	0.1196
982	0.0101
983	0.0101
984	0.0101
985	0.0111
986	0.0101
987	0.0084
988	0.0083
989	0.0074
99	3.0E-4
990	0.0184
991	0.0805
992	0.0317
993	0.1503
994	0.0184
995	0.6824
996	0.0087
997	0.0087
998	0.0109
999	0.0109
